Index,Source,Target
1,KEWR,EIDW
2,FAOR,EBBR
3,VHHH,CYYZ
4,RCTP,KJFK
5,YSSY,OTHH
6,YMML,OTHH
7,EHAM,SPJC
8,KLAX,RKSI
9,EDDF,RKSI
10,KSEA,RCTP
11,RCTP,EHAM
12,VHHH,OMDB
13,WSSS,YBBN
14,ELLX,SBGR
15,WSSS,KLAX
16,EDDF,KSFO
17,RPLL,KLAX
18,VHHH,EHAM
19,KDFW,RKSI
20,EKCH,EGBB
21,VIDP,KORD
22,RCTP,CYVR
23,EGLL,KDFW
24,RKSI,KLAX
25,RKSI,KLAX
26,EGLL,KLAX
27,RCTP,EDDF
28,RJTT,LFPG
29,LEMD,MROC
30,CYYZ,RKSI
31,RPLL,OTHH
32,RCTP,KLAX
33,KSEA,PANC
34,LEMD,SBGL
35,RCTP,KLAX
36,CYYZ,RPLL
37,PANC,RCTP
38,RPLL,OMAA
39,RCTP,EHAM
40,RKSI,OTHH
41,RCTP,KSFO
42,RPLL,OMDB
43,KLAX,YSSY
44,KIAD,KSFO
45,EPWA,KJFK
46,EGLL,KLAX
47,RKSI,EHAM
48,KORD,RKSI
49,RCTP,NZAA
50,WSSS,EGLL
51,EHAM,KATL
52,RCTP,KLAX
53,EPWA,CYYZ
54,RJTT,EDDF
55,VHHH,PANC
56,OMDB,RPLL
57,VHHH,YSSY
58,WSSS,EHAM
59,EGLL,KATL
60,KBED,KFLL
61,KATL,RKSI
62,LEMD,KMIA
63,EHAM,KJFK
64,KEWR,VIDP
65,PANC,RKSI
66,CYYZ,RKSI
67,KLAX,YSSY
68,WSSS,EKCH
69,PANC,RKSI
70,RKSI,UUDD
71,VHHH,KLAX
72,EDDF,RKSI
73,KATL,RKSI
74,LEMD,KJFK
75,RKSI,EDDF
76,OTHH,WMKK
77,SPJC,KLAX
78,EDDF,RKSI
79,WSSS,YBBN
80,VHHH,EHAM
81,PANC,VHHH
82,KJFK,RKSI
83,KDEN,KEWR
84,PANC,RCTP
85,EGLL,CYYZ
86,KDFW,RKSI
87,KLAX,RKSI
88,WSSS,EHAM
89,LFPG,CYUL
90,OTHH,YMML
91,RKSI,KSFO
92,KMIA,KPHX
93,KORD,RKSI
94,KDFW,RKSI
95,WSSS,YSSY
96,FACT,EDDM
97,KDEN,KSFO
98,OBBI,RPLL
99,VHHH,EGLL
100,UUEE,KLAX
101,OTHH,WSSS
102,KDAL,KCRQ
103,PANC,RJBB
104,PANC,RJBB
105,OMDB,VHHH
106,OTHH,YSSY
107,KDTW,RKSI
108,WMKK,YMML
109,OMDB,SBGR
110,EGLL,OMDB
111,RKSI,EDDF
112,ELLX,KORD
113,EGLL,KDFW
114,KMIA,KDFW
115,ZGSZ,PANC
116,WSSS,OTHH
117,EDFH,OMSJ
118,KATL,RKSI
119,CYVR,YSSY
120,VABB,KEWR
121,KBOS,KSFO
122,KSFO,KTEB
123,KSEA,RKSI
124,VHHH,OMDW
125,VIDP,KEWR
126,KORD,VIDP
127,PANC,VHHH
128,EGLL,RKSI
129,KLAX,RCTP
130,WMKK,OTHH
131,KTEB,KWHP
132,EGLL,KJFK
133,KSFO,RKSI
134,KATL,KLAX
135,KBOS,KPHX
136,KLAX,YSSY
137,PANC,RKSI
138,KJFK,KPHX
139,OMDB,WMKK
140,KATL,KPDX
141,KSEA,KFLL
142,KEWR,KSFO
143,EDDP,KCVG
144,KSFO,RCTP
145,KDEN,KLAX
146,PANC,RKSI
147,KDEN,KBWI
148,KTPA,KLAS
149,KBWI,KOAK
150,KSDF,KRIR
151,KSFO,KMIA
152,PANC,KPHX
153,KORD,KSAN
154,RKSI,WSSS
155,OTHH,RKSI
156,EDDF,VIDP
157,WSSS,YSSY
158,UUWW,OMDW
159,RJBB,KOAK
160,SBGL,LFPG
161,CYYZ,CYVR
162,KDTW,KLAX
163,KORD,VHHH
164,SBGR,LFPG
165,KDEN,KPDX
166,KJFK,SKBO
167,KORD,KLAX
168,EDDF,OMDB
169,VIDP,CYYZ
170,OBBI,EDDP
171,OMDB,VHHH
172,LPPT,CYYZ
173,RKSI,LOWW
174,KOAK,KAPA
175,KSTL,KSAN
176,KLAS,KHOU
177,PANC,KSEA
178,KLAX,KFLL
179,KPHL,KLAX
180,VOMM,OMDB
181,KPHL,KDEN
182,KLAX,KJFK
183,KJFK,KSFO
184,KSEA,KRDU
185,KDFW,PANC
186,LPPT,KMIA
187,KSAT,KLAS
188,KCLT,KLAX
189,KORD,KSEA
190,KSJC,KORD
191,VABB,VHHH
192,KOAK,KDAL
193,KJFK,KLAX
194,KPHL,KSFO
195,LFPG,VIDP
196,EGLL,OMDB
197,PANC,KORD
198,LTFJ,OMDB
199,KATL,SKMA
200,KLAX,KPHL
201,KSTL,KSEA
202,LPPT,KEWR
203,EGLL,OTHH
204,KSEA,KJFK
205,KSDF,KPHX
206,EHAM,RKSI
207,KPHL,KPHX
208,KPHL,KOAK
209,CYVR,RKSI
210,KCLT,KLAS
211,LFPG,RKSI
212,UUWW,UNEE
213,KORD,KLAS
214,KSDF,KBOI
215,KBWI,KLAS
216,KSDF,KPDX
217,YBBN,YMEN
218,KORD,KLAS
219,KDFW,KSEA
220,EHAM,WSSS
221,CYYJ,CYYZ
222,LFPG,RKSI
223,KSEA,KATL
224,YSSY,VHHH
225,KSFO,RJTT
226,SKBO,KJFK
227,KSAN,KJFK
228,KSFO,KDTW
229,KAPA,KFCM
230,OMSJ,WSSS
231,KSDF,KPHX
232,KCLT,KPHX
233,KSDF,KMHR
234,KORD,KSAN
235,KPHX,KPHL
236,KSAN,KEWR
237,CYVR,CYYZ
238,KSEA,KJFK
239,KIAH,KSFO
240,KLAS,KCLT
241,PANC,KORD
242,KLAX,KISM
243,KORD,KPHX
244,KBNA,KLAX
245,KEWR,KDFW
246,EDDK,KSDF
247,KLAX,KJFK
248,KAUS,KSEA
249,UUDD,OMDB
250,TJSJ,KEWR
251,KEWR,MROC
252,KBOS,KLAX
253,KLAX,RJTT
254,KORD,KLAX
255,CYYC,CYYZ
256,KLAS,KEWR
257,KLGA,KDEN
258,PANC,VHHH
259,EDDF,RKSI
260,KEWR,KSAN
261,KSMF,KMDW
262,PANC,KORD
263,TJSJ,KATL
264,KORD,KSFO
265,EGLL,OMDB
266,KLAX,RJAK
267,LTFJ,OMDB
268,KORD,EDDF
269,EGLL,WSSS
270,KMIA,KLAX
271,UUEE,RKSI
272,KMSP,KPHX
273,KMSP,KLAX
274,KSDF,KBUR
275,KOMA,KSEA
276,KSMF,KSTL
277,TBPB,CYYZ
278,KPHL,KPHX
279,KPHX,KMIA
280,KDEN,KMIA
281,KFLL,KSLC
282,NZAA,YMML
283,EGLL,OMDB
284,KLAX,KDTW
285,KSDF,KFAT
286,KDFW,KSFO
287,KMSP,KSFO
288,KSTL,KSLC
289,KDFW,KLAX
290,KSNA,KORD
291,KSDF,KRIR
292,KLAX,KBOS
293,VABB,EGLL
294,KORD,EDDF
295,KSDF,KOAK
296,OTHH,VOMM
297,KLAX,KORD
298,LFPG,OMDB
299,TBPB,KMIA
300,CYVR,CYYZ
301,KLAS,KATL
302,KMDW,KPHX
303,CYYC,CYYZ
304,KBOS,KLAX
305,KSFO,KEWR
306,EGLL,OMAA
307,OMAA,YMML
308,VOMM,VIDP
309,KDFW,KRIR
310,KATL,KSLC
311,VAJJ,VIDP
312,KMDW,KLAS
313,KLAX,KMIA
314,KSDF,KPDX
315,KMIA,KPHL
316,KIAH,KDEN
317,KATL,KSFO
318,OTHH,LIMC
319,KLAS,KJFK
320,KORD,KPHX
321,ENGM,OTHH
322,KHPN,KOPF
323,KBUF,KLAS
324,VHHH,VECC
325,KSDF,KLAX
326,UAAA,EDDF
327,KFLL,KDFW
328,KLGA,KDEN
329,KSNA,KATL
330,KSEA,KDTW
331,KBNA,KPHX
332,EDDF,SBGR
333,KSFO,KORD
334,KDFW,KSEA
335,KDTW,KSEA
336,KPSP,KATL
337,KIAH,KLAS
338,KORL,KMSP
339,KMCI,KLAX
340,KRSW,KMSP
341,KMSP,KPSP
342,KSAN,KORD
343,KAPF,KPWK
344,KFLL,CYYZ
345,KOAK,KHOU
346,KLAS,KDTW
347,EGSS,KSDF
348,KEWR,KLAX
349,KMSP,KSAN
350,KJFK,KSFO
351,PANC,KORD
352,EHAM,VHHH
353,OMDB,VOBL
354,KORD,RKSI
355,KLAX,KATL
356,KOAK,KDAL
357,KIAH,KSFO
358,KEWR,KDFW
359,KSFO,KBOS
360,KSDF,KRIR
361,KONT,KATL
362,KSAN,KJFK
363,UKBB,OMDB
364,KFLL,KHPN
365,RKSI,EDDP
366,VIDP,KEWR
367,KLAX,KDCA
368,KTEB,KVNY
369,KPHX,KDTW
370,KBFI,KLAS
371,OERK,RPLL
372,KDFW,KSAN
373,KSFO,KJFK
374,KRDU,KPHX
375,EDDF,FACT
376,KSFO,KJFK
377,KDTW,KSFO
378,KDAL,KLAS
379,KDEN,KLAX
380,KFLL,KDEN
381,KSDF,KMHR
382,KDAL,KLAX
383,OTHH,VOMM
384,KDTW,KSAN
385,EDDF,UUEE
386,KCLT,KDFW
387,KFLL,KBOS
388,KLAX,KEWR
389,KDTW,KDFW
390,LSZH,SBGR
391,KSDF,KBFI
392,KMDW,KSAN
393,KMSP,KLAX
394,KORD,KPDX
395,KPHL,KDEN
396,OTHH,LIMC
397,KLAS,KORD
398,KDTW,KPHX
399,KBWI,KSAN
400,KDCA,KDEN
401,KDEN,KLGA
402,VHHH,WSSS
403,TXKF,KTEB
404,KDFW,KBOS
405,KBOS,KSAN
406,KCLT,KSMF
407,KAPF,CYYZ
408,TJSJ,KMIA
409,KSFO,KEWR
410,CYVR,CYOW
411,KBNA,KPHX
412,KDEN,KBWI
413,VIDP,KORD
414,KBWI,KHOU
415,KMIA,KORD
416,KSDF,KSAN
417,88PA,KLAS
418,LTFJ,OTHH
419,KSAN,KORD
420,EGLL,OTHH
421,VABB,EHAM
422,RKSI,VHHH
423,KDAL,KPHX
424,KJFK,KSMF
425,KDTW,KLAS
426,KPHX,KDTW
427,KSNA,KMSP
428,KCLT,KLAS
429,KBNA,KLAS
430,LROP,OMDB
431,KMSP,KPHX
432,KFLL,KEWR
433,KJFK,KFLL
434,KTPA,KDEN
435,KRSW,KORD
436,KTYS,KDEN
437,KSEA,KPHX
438,MROC,KMIA
439,KFLL,KSTL
440,KPDX,KATL
441,KCLT,KPDX
442,KSEA,EHAM
443,KDFW,KLAX
444,LKPR,LKMT
445,KMKE,KLAS
446,KPHX,KJFK
447,KAPF,KPWK
448,KSDF,KLAS
449,KRSW,KMSP
450,KSLC,KJFK
451,KRDU,KDEN
452,EGLL,LLBG
453,KMSN,KPHX
454,KPSP,KSEA
455,KJFK,KLAX
456,KMSP,KPHX
457,KATL,KLAS
458,KJFK,KDFW
459,NZAA,YBBN
460,KDTW,KPHX
461,KFLL,KDFW
462,KCLT,KMSN
463,KDFW,KLAS
464,CYYZ,KRSW
465,NK43,KPGD
466,KDTW,KLAS
467,KSFO,KTEB
468,KOAK,KMKE
469,KSRQ,KORD
470,KCLE,KLAX
471,KCLT,KLAX
472,KLGA,KDFW
473,KSEA,KSNA
474,KMIA,EDDF
475,VABB,OMDB
476,OMDB,LFPG
477,KFLL,SPJC
478,PANC,RJBB
479,VHHH,OMDB
480,ELLX,OMDW
481,KIAH,EHAM
482,KLGA,KRSW
483,KDFW,EGLL
484,KSAN,KDFW
485,KFLL,KORD
486,KDEN,KSFO
487,NZAA,YSSY
488,KATL,EHAM
489,KDEN,KBWI
490,CYVR,CYUL
491,KSTL,KPHX
492,KDFW,KSFO
493,KPHX,KORD
494,KCLT,KSEA
495,KEWR,KLAX
496,TJSJ,KATL
497,KDEN,KSMF
498,KEWR,KLAX
499,KPHX,KMSP
500,KBOS,KMIA
501,KDEN,KIAD
502,KSEA,KBOS
503,KIAH,KLAX
504,KABQ,KSEA
505,KPWK,KAPF
506,LPPT,LPPD
507,KPHX,KORD
508,KDEN,KATL
509,KFLL,SPJC
510,KDEN,KSEA
511,KTPA,KORD
512,KOPF,KTEB
513,KDTW,KRSW
514,KEWR,KRSW
515,KFLL,KLGA
516,KPHX,KSEA
517,KSEA,KATL
518,LFPG,OTHH
519,KATL,KSLC
520,KSFO,KMSP
521,KDEN,KATL
522,KBNA,KSNA
523,KBED,KSRQ
524,KORL,KDEN
525,KLGA,KMDW
526,CYVR,KLAX
527,KIAH,KPHX
528,KDTW,KLAX
529,VECC,OTHH
530,KLAS,KHOU
531,KCLT,KPHX
532,KPHL,KORD
533,LEMG,EGGW
534,ELLX,LPPR
535,KLAS,KMSP
536,OMAA,RPLL
537,KPDK,KOCF
538,TJSJ,KEWR
539,KMDW,KRSW
540,KFLL,KPTK
541,OMDB,EDDF
542,KBOS,KORD
543,KPHX,KSTL
544,VECC,OTHH
545,KABE,KAFW
546,KFLL,KJFK
547,KLAX,KORD
548,KEWR,KLAS
549,LLBG,KEWR
550,UUEE,EDDP
551,KDTW,KDFW
552,KMSP,KMIA
553,KDAL,KSNA
554,KFLL,KDTW
555,KORD,KMIA
556,KEWR,KFLL
557,KPDX,KMSP
558,KPHX,KDCA
559,KSFO,KATL
560,NZCH,YMML
561,KDEN,KPHL
562,LLBG,KJFK
563,KATL,KPHX
564,KMSP,KDEN
565,KJFK,KSFO
566,KEWR,KLAX
567,CYVR,CYYZ
568,KMDW,KLAX
569,KFLL,KMCI
570,KBNA,KPHX
571,KSLC,KORD
572,KMSP,KPHX
573,CYYZ,EDDF
574,KAPF,KTEB
575,KCRQ,KVGT
576,KATL,KSEA
577,KSDF,PANC
578,LEMD,UUEE
579,KMSP,KPDX
580,KORL,KLAX
581,OTHH,VIDP
582,KSAN,KMSP
583,ESSA,EBLG
584,KLAS,TS53
585,KLAX,KPDX
586,KFLL,KORD
587,KMSP,KSEA
588,CYYZ,RKSI
589,KATL,KRIR
590,KDFW,KLAX
591,KTPA,KDEN
592,KLGA,KORD
593,KLAS,KBFI
594,KLAX,KFLL
595,KBOS,KRSW
596,KDAL,KBUR
597,KSEA,KDFW
598,KIAH,KDTW
599,KDCA,KDFW
600,VOMM,OMSJ
601,KPHX,KMDW
602,YBBN,YMML
603,KMSP,KPSP
604,KSJC,KDFW
605,KMCI,KOAK
606,OTHH,ENGM
607,KAPF,KLUK
608,CYUL,CYVR
609,KATL,KDEN
610,NK43,KORD
611,KPHX,KBNA
612,LPPT,LPPD
613,KDCA,KMIA
614,KSEA,KMSP
615,KLAX,EHAM
616,KSMF,KATL
617,YBCG,YMML
618,KMDW,KDAL
619,KATL,KSAN
620,KLAX,KOPF
621,KTTN,KRSW
622,KEWR,KORD
623,KMSP,KSAN
624,KSDF,KRIR
625,KLAS,KATL
626,KATL,KPDX
627,KLAX,RCTP
628,KMSP,KPDX
629,KSAN,KHOU
630,ELLX,LPPR
631,KATL,KPHX
632,KBOS,SBGR
633,KRSW,KPHL
634,KPHX,KMSP
635,KMCI,KPHX
636,UUDD,ULMM
637,KDEN,EDDF
638,KORL,KSEA
639,KDFW,EDDF
640,KMSP,KLAS
641,KLGA,KMCO
642,YSSY,WSSS
643,KSEA,PANC
644,KRDU,KSEA
645,KIAD,KSEA
646,KMIA,KDTW
647,KORL,KORD
648,KEWR,KORD
649,KSEA,KLAX
650,KDEN,KBUR
651,KRSW,KSTL
652,KBWI,KSEA
653,KPHX,KMSP
654,KLAS,KMCI
655,KRDU,KSTL
656,OR38,KHIO
657,KIAD,KDEN
658,KMSP,KLAS
659,KONT,KSEA
660,KLGA,KBNA
661,KJFK,LEMD
662,RCTP,YSSY
663,VIDP,CYYZ
664,KDCA,KSEA
665,KATL,KDEN
666,VOBL,OTHH
667,KIAD,KMSP
668,KSFO,EHAM
669,KBUR,KDAL
670,KMSP,KRSW
671,KBOS,LFPG
672,KDFW,KDTW
673,KATL,KMCI
674,KPSP,KMSP
675,KPHX,KAUS
676,KDFW,KPDX
677,EGLL,OMDB
678,KSDF,KBOS
679,NK43,KCLT
680,KSAT,KPHX
681,KGEG,KPHX
682,KDEN,KEWR
683,KMDW,KLAS
684,KBOS,KSFO
685,KSEA,KPSP
686,KATL,KMSP
687,49OH,KRSW
688,VIDP,OMDB
689,OTHH,EIDW
690,KRSW,KHPN
691,KMSP,KFLL
692,KDTW,KFLL
693,YBBN,YSCH
694,KDFW,KORD
695,KLGA,KATL
696,CYYZ,CYVR
697,KLAX,KFLL
698,ZGSZ,ZUCK
699,KRSW,KDTW
700,KBED,KDPA
701,KPHX,KATL
702,KSAT,KSEA
703,KBOS,KSEA
704,YMML,YBBN
705,KDTW,KATL
706,SKBO,EHAM
707,KSDF,KPHX
708,RPLL,RCTP
709,KMCI,KPHL
710,KFLL,KACY
711,KDAL,KPHX
712,KSAN,KATL
713,KORD,EDDF
714,KSAT,KDTW
715,KMDW,KPHX
716,KDEN,KBNA
717,VIDP,OMSJ
718,KPHX,KBOS
719,NZWN,NZNV
720,KDCA,KLAX
721,KSMF,KPHX
722,WBSB,RPLL
723,KRSW,KDFW
724,KBWI,KMSP
725,KDFW,KBOS
726,KMCI,KLAS
727,LFPG,SBGL
728,KTPA,KSEA
729,OMDB,EGLL
730,KLGA,KDTW
731,KORL,KPHL
732,KPSP,CYVR
733,KSAN,KPDX
734,KDTW,KSEA
735,KSRQ,KORD
736,RCTP,YSSY
737,VIDP,EDDF
738,KGEG,KPHX
739,CYXE,CYYZ
740,KLAS,KPDX
741,KEWR,KMSP
742,KSLC,KOAK
743,KDAL,KSMF
744,KLGA,KDFW
745,KORD,KJFK
746,KSTL,KFLL
747,4NJ8,KSMQ
748,VABB,OTHH
749,KLGA,KCLT
750,KSYR,KORD
751,KDCA,KORD
752,KDEN,KDTW
753,KPHL,KMIA
754,WSSS,RPLL
755,KLAS,KBOS
756,KSTL,KDEN
757,KPHX,KORD
758,KECP,KDCA
759,KOAK,KPHX
760,LFPG,SBGR
761,KIAD,KMCI
762,KSLC,KRIR
763,KPHX,KHOU
764,KTPA,KEWR
765,KSBP,KSEA
766,VIDP,OMDB
767,KCLT,KORD
768,KLAS,KATL
769,KFLL,KLGA
770,KPHL,KDFW
771,WMKK,WBKK
772,KPHX,KPDX
773,RCTP,RJBB
774,KSMF,KSEA
775,KEWR,KSAN
776,KSAN,KBOS
777,KBWI,KMDW
778,KRDU,KMDW
779,KSMF,KSEA
780,OTHH,LFPG
781,KSLC,KSAN
782,VABB,OTHH
783,KATL,KPHL
784,KORL,KDFW
785,KLGA,KMIA
786,OMDB,KIAD
787,WMKK,VHHH
788,KRDU,KFLL
789,KSEA,KLAS
790,YBBN,YMML
791,KSLC,KSJC
792,KDEN,KRIR
793,KDEN,KMDW
794,88PA,KSEA
795,KORD,KATL
796,KLAX,EGLL
797,KLAS,KISM
798,KBWI,KDAL
799,KRSW,KBOS
800,YPPH,YBCG
801,MROC,KMIA
802,YMML,YBCG
803,KBOS,KLAX
804,KLAX,KDAL
805,VIDP,OMDB
806,VOBL,OMSJ
807,KPHL,KATL
808,KJFK,KPHX
809,KDEN,KBFI
810,KBOI,KAPC
811,KLAS,KMDW
812,KRDU,KLAX
813,KPHX,KSEA
814,VHHH,PANC
815,YMML,YBMC
816,SBGL,LPPT
817,KMSP,KLAS
818,KLAX,KIAD
819,KLAX,KMSP
820,KBOS,KMSP
821,KSMF,KDFW
822,NZRO,NZCH
823,KPHL,KMDW
824,KDFW,KSMF
825,KTPA,KDTW
826,WMKK,WBKK
827,KAPF,KMMU
828,KBWI,KRSW
829,KSJC,KSEA
830,KDFW,KCMH
831,PANC,KLAX
832,KSLC,KPSP
833,KSFO,KSEA
834,KORD,KBNA
835,KDFW,KLAS
836,KDFW,KFLL
837,KFAT,KD86
838,KLAX,KSLC
839,KLAX,KJFK
840,KORD,KDEN
841,KDAL,KSFO
842,KRSW,KBKL
843,KFLL,KHOU
844,KSEA,KPHX
845,ZGSZ,ZUCK
846,VHHH,VIDP
847,KMCI,KATL
848,VIDP,VOBL
849,KOMA,KHOU
850,KDCA,KMSP
851,KIAD,KSRQ
852,RPLC,RCTP
853,KJFK,SBGR
854,KSEA,KRIR
855,KLAS,KDTW
856,SBGR,LPPT
857,KDEN,KDAL
858,KDFW,KTYS
859,KRSW,KMSP
860,KORL,KMSP
861,PANC,KORD
862,KDFW,KPHL
863,KMSP,KATL
864,YSCB,YBBN
865,KBNA,KPHL
866,SBGR,EDDF
867,RCTP,VHHH
868,KPAE,KPSP
869,KABQ,KSFO
870,KFLL,KCMH
871,KIAH,KLAX
872,KDEN,KBOS
873,KDEN,KSAN
874,PANC,KORD
875,KSLC,KLAS
876,KLAS,KMCI
877,KMSP,KPHL
878,KSTL,KRSW
879,KDFW,KPHX
880,KSEA,KLAX
881,SKBO,SKMA
882,KBWI,KPHX
883,KATL,KDFW
884,KJFK,KSEA
885,KLAS,KSEA
886,KDEN,KLAX
887,KIAD,KSMF
888,KATL,KSYR
889,KPVU,KIWA
890,KMSP,KBNA
891,KDFW,KBNA
892,KFAT,KDFW
893,KORD,EHAM
894,KTPA,KPHL
895,KDEN,KRDU
896,KJFK,LIMC
897,KSEA,KPHX
898,KATL,KLAS
899,OTHH,EKCH
900,KMDT,KATL
901,KRDU,KDTW
902,PANC,KSEA
903,RCTP,RJAA
904,ELLX,KATL
905,KFLL,KDFW
906,KMSP,KDEN
907,KDFW,KSTL
908,YMML,YPPH
909,MROC,LEMD
910,SBVT,SBSP
911,KORD,EIDW
912,KORL,KLAX
913,KLGA,KCMH
914,KDAL,KAPA
915,KIAD,EDDF
916,KJFK,EHAM
917,KDFW,KMIA
918,OMDB,EHAM
919,KPHL,KDTW
920,KIWA,KSJC
921,KDFW,KOMA
922,CYXX,CYYC
923,KLAS,KABQ
924,KMIA,SPJC
925,RPLL,RJAA
926,KPHX,KBWI
927,LFPG,EDDP
928,KIAD,KSAN
929,KDEN,KSAT
930,KATL,KSGT
931,KDAL,KSDL
932,KDFW,KSBP
933,KSDF,KBOS
934,KMSP,EHAM
935,LLBG,KEWR
936,KIAH,KMSP
937,KPHL,KRSW
938,KIAH,KSFO
939,KDAY,KDFW
940,PANC,KSEA
941,KSAT,KBNA
942,KDFW,KSRQ
943,KTUL,KATL
944,KATL,KBWI
945,KIAD,KRSW
946,KTPA,KMSP
947,KSEA,KSAN
948,KSTL,KHOU
949,KDFW,KPHL
950,YSSY,NZAA
951,KIAH,KSLC
952,SBBR,SBRJ
953,KLGA,KATL
954,KBOS,EIDW
955,KLAS,KSEA
956,KDAL,KSTL
957,KDAY,KATL
958,KPIT,KATL
959,KDFW,KMCI
960,KJFK,KDTW
961,KRSW,KDCA
962,KCLT,KEWR
963,KATL,KHOU
964,KMCI,KDTW
965,KFLL,KBNA
966,KORL,KHOU
967,VIDP,VECC
968,SBBR,SBGR
969,KSFO,KSEA
970,SBCO,SBSP
971,KATL,KOMA
972,KIAD,KBNA
973,KDEN,KSFO
974,KIAH,KSAN
975,KATL,KJFK
976,KBOS,KPHL
977,KLGA,KATL
978,VIDP,LFPG
979,WN51,KBVS
980,KLAS,KHOU
981,KATL,KFLL
982,OTHH,ESSA
983,NZCH,NZAA
984,LEMD,SBGR
985,KDEN,KTUS
986,SBBR,SBGR
987,KDFW,KDEN
988,YMML,YSSY
989,KDAL,KLAS
990,KLGA,KBKL
991,KSEA,KSFO
992,KLAX,KHOU
993,KDFW,KATL
994,KDFW,KSNA
995,KIAD,KDAY
996,KJFK,KSEA
997,KORL,KHPN
998,KMIA,KATL
999,SBBR,SBSP
1000,YBCG,YPPH
1001,KSTL,KPHL
1002,VABB,OMDB
1003,KCOS,TS53
1004,KHOU,KMDW
1005,KTPA,KDEN
1006,NZAA,YSSY
1007,KRSW,KDEN
1008,YCBG,YMML
1009,KIAD,KMIA
1010,KDTW,KPHL
1011,KSTL,KDEN
1012,KBOS,KDCA
1013,CYVR,KSFO
1014,KSAN,KSJC
1015,RKSI,KLAX
1016,KPHX,KDAL
1017,KRHV,KMAE
1018,LIPE,EBLG
1019,KBWI,KATL
1020,KBNA,KSEA
1021,KDEN,KDFW
1022,KATL,KLAX
1023,KORL,KLAS
1024,KDFW,KDAY
1025,YPPH,YPAD
1026,KDFW,KTUS
1027,KATL,KROC
1028,KDEN,KSAN
1029,KIAD,KORD
1030,KBWI,KFLL
1031,OTHH,EDDF
1032,KPDX,KSJC
1033,KSDF,KDFW
1034,YMML,YBBN
1035,KMIA,KATL
1036,KDEN,KPHX
1037,EKCH,EGNX
1038,KSAN,KBWI
1039,KCLT,KMSP
1040,KDFW,KSMF
1041,LFPG,EDDP
1042,KSMF,KSAN
1043,NZCH,WSSS
1044,KIAD,KHSV
1045,KATL,KFLL
1046,KDFW,KLGA
1047,KIAD,KSEA
1048,KORL,KBOS
1049,KATL,KDAL
1050,YMEN,YPAD
1051,KIAD,KCMH
1052,EGNX,EDDP
1053,KCLT,KBKL
1054,KDEN,KRSW
1055,KSAN,KDFW
1056,SBGR,EHAM
1057,YBMC,YMML
1058,KDFW,KDCA
1059,KRDU,KORD
1060,YSSY,YMML
1061,KSFO,KLAX
1062,KEWR,KDTW
1063,KSNA,KDFW
1064,KDCA,KFLL
1065,KIAD,KMSP
1066,KDFW,KLAX
1067,VHHH,EBLG
1068,KDTW,KATL
1069,KGLH,KDFW
1070,YPAD,YMML
1071,KLAS,TS53
1072,KATL,KMIA
1073,YSSY,YSWG
1074,KORD,KDFW
1075,KDFW,KBOS
1076,KCLT,KCMH
1077,KSAN,KSEA
1078,KDFW,KSEA
1079,KJFK,KLAX
1080,KATL,KORD
1081,KDEN,KLAS
1082,KSNA,KSEA
1083,KRDU,KATL
1084,KDFW,KFLL
1085,KCVG,KPHL
1086,KDFW,9CA0
1087,KSEA,KLAX
1088,KIAD,EDDM
1089,YBBN,YMML
1090,YPAD,YMML
1091,KCLT,KDFW
1092,KDEN,KMSP
1093,CYYC,CYQQ
1094,KHOU,KBNA
1095,RJBB,RJTT
1096,KDFW,3KY4
1097,SBBR,SBRJ
1098,YMML,YPAD
1099,KIAD,KLAS
1100,KATL,KDTW
1101,MROC,SKMA
1102,OTHH,LTFJ
1103,KDEN,KSNA
1104,LIME,LIBR
1105,OMDB,YMML
1106,KECP,KBNA
1107,KORD,KSEA
1108,KBLI,KIWA
1109,KCLT,KSTL
1110,KFLL,KATL
1111,KDFW,KPDX
1112,KPHL,KLAX
1113,KORD,KDFW
1114,YBBN,YPAD
1115,KSEA,KOAK
1116,KSJC,KSAN
1117,KIAD,CYYZ
1118,KATL,EDDF
1119,KATL,KMKE
1120,KSFO,KPDX
1121,KMDT,KDTW
1122,KTPA,KBOS
1123,ENGM,ENBO
1124,KPDX,KBUR
1125,KBNA,KORD
1126,NZAA,YSSY
1127,KORL,KLGA
1128,YBCG,YMML
1129,KDFW,KIAD
1130,KBUF,KORD
1131,KDEN,KSAN
1132,EDDK,EGNX
1133,KATL,KBNA
1134,KEWR,KSFO
1135,KPAE,KLAS
1136,KMKE,KATL
1137,KPHX,KLGB
1138,KBOI,KPHX
1139,KSEA,KSFO
1140,KDEN,KATL
1141,OTHH,EGLL
1142,KIAD,KSFO
1143,KBUR,KDFW
1144,KDFW,KSFO
1145,KBUF,KDTW
1146,WMSA,WMKJ
1147,KIND,KATL
1148,EKCH,EDDK
1149,KBOS,KFLL
1150,KFLL,KORD
1151,YPPH,YMML
1152,YBBN,YMML
1153,KDFW,KSAN
1154,ULMM,UUEE
1155,KIAD,KFLL
1156,KTPA,KDTW
1157,KDEN,KAUS
1158,KDEN,KBNA
1159,KSAN,KLAS
1160,KATL,KBWI
1161,KATL,KATW
1162,KDFW,KVPS
1163,KROC,KDTW
1164,KDFW,KABQ
1165,KMSP,KORD
1166,WSSS,YSSY
1167,KJFK,LLBG
1168,KOAK,KSEA
1169,KMSN,KDFW
1170,KSDF,KATL
1171,OMDB,VOMM
1172,KSDF,KDFW
1173,KDEN,KPSP
1174,KBOI,KSEA
1175,KDFW,KUTA
1176,YBBN,YPAD
1177,KRDU,KPHL
1178,KFLL,KSEA
1179,KATL,17NC
1180,YMML,YWLM
1181,KRSW,KATL
1182,OTHH,RPLC
1183,KJFK,KLAX
1184,KSFO,KPHX
1185,NK43,KFLL
1186,88PA,KMDW
1187,KCLT,KPHL
1188,KDVT,KFFZ
1189,KSJC,KSAN
1190,YPPH,YPAD
1191,KDEN,KBOI
1192,KTPA,KLGA
1193,KPIT,KPHL
1194,PANC,KSEA
1195,RJTT,RJOO
1196,KDCA,KRSW
1197,NZCH,NZRO
1198,SBCO,SBSP
1199,KSEA,KBOI
1200,KPHX,KSEA
1201,CYYZ,EDDF
1202,KLAX,KORD
1203,KJFK,EIDW
1204,KRSW,KMDW
1205,KOAK,KBUR
1206,KCLT,KBNA
1207,KPDK,KECP
1208,KIAD,KATL
1209,VIDP,KSFO
1210,NZNV,NZCH
1211,KSEA,KBOI
1212,KDFW,KHSV
1213,KDTW,KORD
1214,KATL,KMSN
1215,SBGL,SBGR
1216,KIAD,KDTW
1217,KMIA,KDFW
1218,CA75,KSDM
1219,KSDF,KEWR
1220,VOBL,EDDF
1221,KPHX,KDFW
1222,LFPG,EGGW
1223,KBNA,KDFW
1224,EDDS,EDDV
1225,KJFK,KMSP
1226,OMDB,RJBB
1227,KSDF,KTUL
1228,KAPA,KVNY
1229,KBUF,KPHL
1230,OTHH,LTFJ
1231,KSAN,KSJC
1232,KMSP,KDEN
1233,KATL,KRSW
1234,LIMC,EDDK
1235,KATL,KSEA
1236,SPST,SPJC
1237,KCLT,KMIA
1238,KTYS,KDFW
1239,KDEN,KIAD
1240,KPHL,KMSP
1241,KMDW,KBWI
1242,KSYR,KDTW
1243,KFLL,KLAS
1244,KLGA,KMCO
1245,KIAD,KSTL
1246,KDEN,KTUS
1247,CYUL,LFPG
1248,KJFK,RKSI
1249,KTUL,KHOU
1250,KTPA,KDCA
1251,OMDB,VHHH
1252,KLAS,KSTL
1253,EDDP,LIMC
1254,CYOW,CYYZ
1255,KRDU,KBOS
1256,KMDW,KATL
1257,KPDX,KSFO
1258,EDDV,EDDS
1259,SBRJ,SBGR
1260,KSFO,KLAX
1261,KIAD,KCLT
1262,SBVT,SBGR
1263,YKEL,YSSY
1264,PANC,KCVG
1265,KSEA,KSJC
1266,YBBN,YSCB
1267,YSSY,YBBN
1268,KMIA,SBGR
1269,NZPM,NZAA
1270,KAPF,KPWK
1271,KDEN,KPDX
1272,KCLT,KORF
1273,KSYR,KPHL
1274,KRDU,KBWI
1275,KONT,KOAK
1276,RJTT,RJOA
1277,YPAD,YSSY
1278,KCLT,KPLR
1279,KDAL,KBNA
1280,KIAD,EDDF
1281,EDDV,EDDM
1282,KDFW,KATL
1283,NC61,KCPK
1284,OTHH,LIRF
1285,YBBN,YMHB
1286,KCLE,KPHL
1287,KORL,KBNA
1288,KDCA,KLGA
1289,KDFW,KCOS
1290,KMDW,KDTW
1291,KSQL,KRHV
1292,OBBI,EGLL
1293,KEWR,KMCI
1294,RKSI,KDFW
1295,WSSS,YMML
1296,KDTW,KDCA
1297,YBBN,YSSY
1298,OTHH,WMKK
1299,KATL,KRDU
1300,KPHX,KMSP
1301,KPDX,KPHX
1302,KIAH,KDTW
1303,KSDL,KOMA
1304,KIAD,KSDF
1305,KIAD,KBOS
1306,KCLT,KJFK
1307,KBOS,KSLC
1308,KGEG,KYKM
1309,EKCH,EDDP
1310,KATL,KBOS
1311,EGNX,LFPG
1312,KORD,KDTW
1313,KTUL,KDEN
1314,KPHX,KSEA
1315,SBGL,SBGR
1316,VECC,VOMM
1317,OTHH,EDDM
1318,KPDX,KSFO
1319,KATL,KDFW
1320,SBSP,SBRJ
1321,KSNA,KSMF
1322,KIAD,KSAT
1323,KMDW,KHOU
1324,KIAD,KPHL
1325,KEWR,KSFO
1326,KABQ,KDAL
1327,YBCG,YMML
1328,KATL,KORD
1329,KATL,KEWR
1330,KLGA,KDTW
1331,CYYZ,EHAM
1332,KSDF,KDTW
1333,LPPT,LPPR
1334,KSEA,KSFO
1335,KCLT,KBOS
1336,KBNA,KLGA
1337,KDAL,KMDW
1338,KONT,KDFW
1339,KPAE,KSJC
1340,KIAD,KBUF
1341,VOBL,VHHH
1342,KCLW,KPIE
1343,KORF,KPHL
1344,KFLL,KATL
1345,KIAD,KPHX
1346,KCLT,KMCI
1347,KMIA,KDCA
1348,KATL,SBGR
1349,CYYZ,CYUL
1350,KCMH,KATL
1351,KBWI,KMIA
1352,KCLT,KLGA
1353,SBBR,SBRJ
1354,CYUL,CYYZ
1355,OTHH,YPPH
1356,KEWR,KROC
1357,KORL,KPHL
1358,YTYA,YMMB
1359,KMKE,KCWA
1360,KOAK,KLAS
1361,SBSP,SBRJ
1362,KMSN,KDTW
1363,KPDX,KLAX
1364,KATL,KMDW
1365,KMCI,KPHX
1366,KTPA,KFLL
1367,CYYZ,CYVR
1368,KOMA,KDFW
1369,64OR,KHIO
1370,KSTL,KDTW
1371,KIAH,KLAS
1372,SKBO,SPJC
1373,RKSI,ZGSZ
1374,KIAD,LSZH
1375,KDEN,KORD
1376,EGNX,EDDP
1377,KJFK,RKSI
1378,KMDW,KCLT
1379,KBNA,KEWR
1380,YMML,YPPH
1381,VOBL,VABB
1382,KSEA,KPDX
1383,KMSP,KDEN
1384,KLAS,KLAX
1385,KSTL,KDFW
1386,KPHX,KSFO
1387,KPDX,KSAN
1388,KDEN,KSDF
1389,KBNA,KDTW
1390,KATL,KLGA
1391,YPPH,YBBN
1392,VIDP,VABB
1393,KRSW,KHPN
1394,KHSV,KDFW
1395,KSAT,KPHX
1396,KHOU,KDAL
1397,YMML,YBCG
1398,KOMA,KSTL
1399,KMCI,KDEN
1400,KLAS,KMSP
1401,KDFW,KLAX
1402,KMDW,KATL
1403,EDDM,EDDV
1404,OMDB,EGLL
1405,KPGD,KLCK
1406,KBWI,KATL
1407,YBBN,YPPH
1408,KECP,KPDK
1409,KPHL,KATL
1410,CYVR,EDDF
1411,SBBR,SBSP
1412,KMIA,SKBO
1413,KCLT,KMDT
1414,KBNA,KECP
1415,KCLT,KMCO
1416,KIAD,EBBR
1417,KPHX,KDTW
1418,KCLT,KTUL
1419,OTHH,EGCC
1420,KMCI,KBNA
1421,KEWR,KPDX
1422,KATW,KDTW
1423,KPDX,43OR
1424,KLAS,KTUS
1425,KLAX,KATL
1426,KMDW,KDVN
1427,RCTP,RPLL
1428,KBNA,KSTL
1429,KH76,KRVS
1430,KFLL,KJFK
1431,KPDX,CL36
1432,EGNX,EDDP
1433,KMIA,KRDU
1434,KSJC,KBUR
1435,KBLI,61WA
1436,KLAX,KSFO
1437,KATL,KHOU
1438,KSEA,KSMF
1439,KJFK,UUEE
1440,KIAD,EHAM
1441,KCLT,KVPS
1442,KMDT,KPHL
1443,KBNA,KDAL
1444,KEWR,KORF
1445,KCLT,KORD
1446,KDAY,KORD
1447,ZGSZ,ZUCK
1448,KFLL,CYUL
1449,KBWI,KFLL
1450,KPDX,KSNA
1451,KMKC,81KS
1452,KHIO,KSJC
1453,KDFW,KDEN
1454,KCLT,KSDF
1455,YBMC,YMML
1456,KEWR,KLAX
1457,KLAX,KSLC
1458,KOKV,KJYO
1459,KMHR,KSAC
1460,KLAS,KATL
1461,KLAX,KDFW
1462,LIMC,EBLG
1463,EDDP,EGNX
1464,KPHX,KABQ
1465,KSAN,KSFO
1466,KFLL,SC78
1467,WSSS,VHHH
1468,NZWN,NZCH
1469,KRSW,KJFK
1470,KJFK,LIRF
1471,RJTT,RJOO
1472,KEWR,KSTL
1473,KSNA,KOAK
1474,KLAX,KPHX
1475,KDFW,KLAS
1476,KBLI,96WA
1477,KATL,KBUF
1478,KSTL,KORD
1479,KPHX,KBNA
1480,RCTP,WSSS
1481,KMSP,KMDW
1482,CYUL,EDDF
1483,KDAL,KSAT
1484,PANC,KSDF
1485,KORD,PANC
1486,EGSS,LTFJ
1487,WSSS,YMML
1488,KOPF,CYYZ
1489,RJOO,RJTT
1490,KSEA,KPSP
1491,OTHH,WSSS
1492,KATL,KSAT
1493,KCLE,KBWI
1494,YMML,YMHB
1495,CYHM,CYYZ
1496,KMIA,KORD
1497,KBWI,KMDW
1498,KTPA,KBOS
1499,KSEA,KPDX
1500,CYYZ,LFPG
1501,KCLT,KRSW
1502,KBNA,KDAL
1503,KDEN,KMSP
1504,KGEG,KOAK
1505,KLAX,KSLC
1506,KATL,KDCA
1507,KPSP,KSFO
1508,KLGA,KATL
1509,KSRQ,KATL
1510,YBBN,YPPH
1511,KCLT,KIAD
1512,PANC,KATL
1513,CYCD,CYVR
1514,KCLT,KTYS
1515,KFLL,KSLC
1516,KRDU,KCLT
1517,KSFO,KSAN
1518,KBWI,KSTL
1519,KMIA,KEWR
1520,KLAX,KPHX
1521,49OH,KORD
1522,CYVR,CYCD
1523,YTYA,YMMB
1524,EDDP,EGGW
1525,KIAD,KDFW
1526,KDCA,KPHL
1527,CYYZ,KEWR
1528,KMSP,KDFW
1529,NZAA,NZSL
1530,KBNA,KMIA
1531,KDAL,KPHX
1532,KATL,KBKL
1533,KSEA,KRIR
1534,KSMF,KLAS
1535,KEWR,KSEA
1536,RPLL,VHHH
1537,KPSP,KPHX
1538,KDEN,KHOU
1539,OMDB,RPLL
1540,CYYZ,KLGA
1541,KLAX,KATL
1542,KSEA,KPHX
1543,KMIA,TXKF
1544,KFLL,KTPA
1545,KBNA,KLAX
1546,RJTT,RJOA
1547,RJBB,RCTP
1548,KDEN,KRIR
1549,KCMH,KMDW
1550,KDAL,KHOU
1551,KP19,KGYR
1552,KABQ,KRIR
1553,OTHH,RPLL
1554,SBBR,SBVT
1555,KPDX,KPHX
1556,KRYY,KJZP
1557,KIAD,KPVD
1558,RJAA,RKSI
1559,KLAX,RCTP
1560,KSEA,KGEG
1561,LPPT,SBGL
1562,KMDW,KSDF
1563,KDTW,KMDW
1564,KSTL,KK52
1565,KBLI,KBVS
1566,K1G4,KLAS
1567,KDEN,KMSN
1568,KCLT,KLAX
1569,KPHX,KLAX
1570,YMML,YSCB
1571,KPDK,KTYS
1572,KDFW,KSLC
1573,KATL,KSFO
1574,PANC,KSDF
1575,CYYC,CYCD
1576,K1G4,KLAS
1577,KMSN,KMSP
1578,KSEA,KSNA
1579,KCLT,17NC
1580,KEWR,KSEA
1581,KBUR,KLAS
1582,KBED,KTEB
1583,KONT,KOAK
1584,KAPC,KOAK
1585,KMSP,KDFW
1586,KMIA,KDEN
1587,KLAX,KBOS
1588,KBNA,KSAT
1589,KSEA,PANC
1590,KIAD,KORD
1591,KORD,KMSP
1592,KSTL,KMSP
1593,KDEN,KLAX
1594,KRFD,KPGD
1595,SC32,KAND
1596,KEWR,LFPG
1597,KMDW,KRSW
1598,KSEA,KFAT
1599,KO69,KSQL
1600,KMSP,KRSW
1601,RCTP,RKSI
1602,KATL,KECP
1603,KUAO,K7S9
1604,KCLT,KEWR
1605,KBNA,KSJC
1606,KRVS,OK13
1607,KDEN,KSLC
1608,KMDW,KPHX
1609,KORD,8II3
1610,TJSJ,KJFK
1611,KFHR,KBFI
1612,KMKE,KAIG
1613,KBLI,KSEA
1614,KLAX,KBOI
1615,CYVR,CYCD
1616,VIDP,OERK
1617,VECC,VABB
1618,KEWR,KSYR
1619,KMDW,KDAL
1620,KATL,KDFW
1621,KSEA,KBOS
1622,VOBL,VABB
1623,KLAX,KMIA
1624,KMCI,KLAS
1625,KPDX,KLAS
1626,KBNA,KMDW
1627,EDDP,EDDK
1628,KMIA,KEWR
1629,YBBN,YMYB
1630,LIMC,EDDP
1631,KEWR,KPHX
1632,KSDL,KTEB
1633,KLAS,KSLC
1634,EPKT,EDDK
1635,KABQ,KPHX
1636,KLAX,KSEA
1637,KDAL,KFLL
1638,KATL,KMIA
1639,KATL,KMSP
1640,KBNA,KOAK
1641,KORL,KLAX
1642,RKSI,RJBB
1643,KSMF,KPDX
1644,KCLT,KPHX
1645,KSNA,KLAS
1646,KMCI,KMSP
1647,KDEN,KPHX
1648,KAWO,KPAE
1649,KL70,KLGB
1650,KMDW,KRDU
1651,YPAD,WSSS
1652,KEWR,KFLL
1653,KSAN,KSFO
1654,YCES,YMMB
1655,KDFW,KLAS
1656,KJFK,KSEA
1657,YBBN,YMML
1658,WSSS,VABB
1659,KLAX,KSEA
1660,KTEB,KROC
1661,RJTT,RCSS
1662,SBBR,SBSP
1663,KTTN,KCLT
1664,KBOS,KRSW
1665,KTPA,KATL
1666,KSEA,KLAS
1667,UNEE,UUEE
1668,KSLC,KSFO
1669,KEWR,KATL
1670,KLAX,KPDX
1671,KDFW,KDEN
1672,KSCK,KLAS
1673,KATL,KEWR
1674,KOAK,KSNA
1675,KBWI,KBNA
1676,KDAL,KCMH
1677,KLAX,KEWR
1678,KDEN,KMCI
1679,KATL,KVPS
1680,CYXE,CYVR
1681,KTEB,KFLL
1682,KSEA,KSAN
1683,KDTW,EHAM
1684,KOSU,KPWK
1685,KLZU,KECP
1686,KMKC,KRVS
1687,YPJT,YSEN
1688,KEWR,KSAN
1689,KHAF,KRHV
1690,KFDK,KMRB
1691,KPSP,KBFI
1692,KDAY,KPHL
1693,KMSP,KTOB
1694,KTPA,KFMY
1695,EDDV,EGNX
1696,KBWI,KRDU
1697,KDAL,KLAX
1698,KCMH,KMSP
1699,KPIT,KMSP
1700,KFLL,KSAN
1701,KMIA,KBNA
1702,CYYZ,KLAX
1703,KOAK,KO69
1704,KLAS,KCMH
1705,KCLT,KHSV
1706,KLAX,LFPG
1707,KPDX,KPSP
1708,KORD,KRDU
1709,KSAF,KDFW
1710,KABQ,KAEG
1711,KDFW,OTHH
1712,KPHX,KSJC
1713,KLAX,KPHX
1714,KDAL,KEDC
1715,KORD,KSFO
1716,KPHL,KSDF
1717,YMML,RPLL
1718,KSJC,KLAX
1719,KCPS,7IS2
1720,KATL,KJFK
1721,64OR,KHIO
1722,SBBR,SSJC
1723,KIND,KORD
1724,KSGF,KDFW
1725,KORD,KBUF
1726,KLAS,KSFO
1727,KRDU,KLGA
1728,KSDM,KVNY
1729,KBWI,KMCI
1730,KSTL,KATL
1731,KCLT,KOMA
1732,KBOS,KPHL
1733,VOBL,LFPG
1734,SBBR,SBGR
1735,KMSP,KORD
1736,KIAD,KTYS
1737,KSEA,KLAX
1738,KTEB,KOPF
1739,KEWR,KDEN
1740,KBVS,KBFI
1741,KPDX,KLAX
1742,LFPG,LFNR
1743,KCLT,KBWI
1744,KJFK,LFPG
1745,KCLT,28NR
1746,RKSI,PANC
1747,KMIA,KATL
1748,KFLL,KBWI
1749,SBBR,SBGL
1750,KLGA,KBNA
1751,YSPT,YKBN
1752,CYUL,CYYZ
1753,35OR,KLAX
1754,96WA,KPAE
1755,KBOI,KSFO
1756,KSEA,PANC
1757,YCES,YMMB
1758,KOMA,KAPA
1759,KMKE,KMSP
1760,KDEN,KPDX
1761,KIND,KSEA
1762,NZAA,NZCH
1763,KSEA,KLAS
1764,KDTW,KLAS
1765,KORD,KMKE
1766,SBGL,EHAM
1767,KTPA,KMIA
1768,VIDP,VOBL
1769,KMIA,KOMA
1770,KATL,KTYS
1771,KORD,KABE
1772,KDEN,KBNA
1773,SBCO,SBKP
1774,RPLL,VHHH
1775,KFLL,KDAL
1776,KPHX,KORD
1777,KBNA,KLAS
1778,KDTW,KBNA
1779,KBFI,KRIR
1780,KPSP,KSEA
1781,KSFO,KPSP
1782,KDFW,SKMA
1783,KSAN,KSNA
1784,KCLT,KDCA
1785,YPPH,YBBN
1786,KPDX,KSFO
1787,KBWI,KBUF
1788,KDEN,KLAX
1789,KJFK,KATL
1790,YBBN,VHHH
1791,KABQ,KLAX
1792,KLAX,KDFW
1793,RJTT,RJBB
1794,KOMA,KMSP
1795,SBRJ,SBSP
1796,VHHH,RCTP
1797,03PS,KDTW
1798,KMKE,KSEA
1799,KSJC,KSEA
1800,KORD,KROC
1801,KRDG,KLUK
1802,KDFW,KBNA
1803,KORL,KSEA
1804,KPHX,KBUR
1805,NZCH,NZWN
1806,KSMF,18CL
1807,KBOS,7PS7
1808,YPAD,YSCB
1809,KORD,KMSN
1810,KMDW,KISM
1811,7PN0,KXLL
1812,KPDX,KSEA
1813,KDEN,MT54
1814,KATL,LFPG
1815,NZPM,NZCH
1816,KORD,KBNA
1817,KCLT,KATL
1818,KORD,KCMH
1819,KBWI,KATL
1820,EDDK,LTFJ
1821,CYYJ,CZBB
1822,KDEN,KSEA
1823,KCLT,KRDU
1824,KLAX,OTHH
1825,KFLL,KBOS
1826,YTDN,YMMB
1827,KORD,KATW
1828,RJOO,RJTT
1829,KORD,KSTL
1830,KCLE,KMSP
1831,KBOS,KATL
1832,WS17,5WI4
1833,KSGF,KATL
1834,KDEN,KDCA
1835,KDFW,KMKE
1836,VHHH,RPLL
1837,KEWR,KLAS
1838,KJFK,KDCA
1839,VOBL,VECC
1840,KATL,KPHL
1841,KHIO,18OR
1842,KLAX,RKSI
1843,RCTP,VHHH
1844,KBNA,KFLL
1845,OTHH,RKSI
1846,KORD,KPIT
1847,6OR8,KTTD
1848,SBBR,SBRJ
1849,KDEN,KDAL
1850,KPHX,KOMA
1851,KSEA,KBUR
1852,KBFI,KBLI
1853,KSFO,KPDX
1854,KTCY,KSQL
1855,KCLT,KFLL
1856,VECC,VOBL
1857,KORD,KDAY
1858,KDFW,KORD
1859,KCLT,KDAY
1860,KOAK,KSJC
1861,KSEA,KBOI
1862,KSTS,KO69
1863,KLVK,4CA2
1864,OMDB,VABB
1865,PANC,KSEA
1866,SBBR,SBVT
1867,KLGA,KRDU
1868,KGSO,KCLT
1869,KORL,KMDW
1870,KORD,KDEC
1871,KIAD,KATL
1872,KMKE,KDTW
1873,WSSS,RKSI
1874,KAPF,KHPN
1875,RJOA,RJTT
1876,YBBN,YMHB
1877,KLAS,KBUF
1878,KORD,CYYZ
1879,RCTP,VHHH
1880,KCLT,KSFO
1881,RKSI,RCTP
1882,SBBR,SBGR
1883,KSEA,KLAS
1884,CYOW,CYYZ
1885,NZCH,NZAA
1886,KPHX,KMDW
1887,KMDW,KFLL
1888,SBRJ,SBBR
1889,KSAT,KHOU
1890,KLAS,KSTL
1891,KMIA,MROC
1892,KORD,KBWI
1893,YSSY,YBCG
1894,KPDX,KOAK
1895,KSFO,KBOI
1896,KPHX,KSMF
1897,RJTT,RJOO
1898,KTPA,KBWI
1899,KIAD,KSYR
1900,KORD,KALB
1901,KSMF,KRIR
1902,KFLL,CYYZ
1903,KBWI,KDTW
1904,VIDP,VOBL
1905,KDFW,KATL
1906,NZTG,NZCH
1907,KLAS,KMKE
1908,NZAA,NZGB
1909,RCQC,RCKH
1910,YBBN,YSCB
1911,KIND,KDTW
1912,LPPT,SBGR
1913,49OH,KATL
1914,KTUL,KDEN
1915,UAAA,UAII
1916,KMIA,LLBG
1917,KORD,KLGA
1918,KMSP,KSFO
1919,CZBB,CYYJ
1920,KDTW,56WI
1921,KC83,KSQL
1922,KFLL,KLGA
1923,KBWI,KCLT
1924,SPJC,SPST
1925,KLAS,KPHX
1926,KVNY,KSDL
1927,KIAD,KLAX
1928,KATL,KBNA
1929,VAJJ,VOMM
1930,KLAX,KSFO
1931,KORD,KDCA
1932,OMDB,EHAM
1933,NZCH,NZHN
1934,KMSP,KSEA
1935,KDTW,KSEA
1936,SBRJ,SBBR
1937,KOAK,KO69
1938,KDAL,KVNY
1939,KFLL,KDFW
1940,KDEN,KLAS
1941,KORD,KPHL
1942,KVCB,CA39
1943,KCLT,KATL
1944,KMIA,KLGA
1945,KDEN,KORD
1946,KLAX,RJTT
1947,KSFO,KMSP
1948,KMSP,KATL
1949,EDDK,LTFJ
1950,KEWR,KBOS
1951,KORL,KSTL
1952,KSFO,KPHX
1953,KSAT,KLAS
1954,YPPH,YMML
1955,KIAH,KSAT
1956,KRSW,KATL
1957,KDTW,KATW
1958,KATL,KSTL
1959,KORD,KLAX
1960,SBBR,SBGR
1961,KPHX,KATL
1962,KSAN,KPHX
1963,KLGB,KLAS
1964,KLAX,KBOI
1965,KSFO,KSLC
1966,KFLL,KSEA
1967,KMIA,KLGA
1968,VOMM,VIDP
1969,KATL,KDEN
1970,OMDB,RKSI
1971,RJTT,RJOS
1972,KUAO,67OR
1973,KORD,KRSW
1974,KCMH,KSEA
1975,KORD,KGRB
1976,KDTW,KLAX
1977,YMMB,YTDN
1978,KSAT,4TE9
1979,KBNA,KLAX
1980,KBOS,EGLL
1981,KLAX,KSJC
1982,KMSP,KMIA
1983,YSSY,KLAX
1984,KEWR,KPHX
1985,PANC,KSDF
1986,KABQ,KLAS
1987,KMIA,EGLL
1988,KOAK,KBUR
1989,KSNA,KLAS
1990,KLAX,KBNA
1991,KDTW,KATL
1992,KORD,KBOS
1993,KLAS,KOAK
1994,KRSW,KORD
1995,KCOS,KDFW
1996,KATL,KMCI
1997,KDCA,KATL
1998,KAPA,KVNY
1999,MU20,KMKC
2000,KCLT,KBOS
2001,OMDB,UKBB
2002,KPSP,KOAK
2003,KTPA,KACY
2004,KORD,KATL
2005,KCLT,KFLL
2006,KSNA,KSFO
2007,KSMF,KSFO
2008,KBOS,KBWI
2009,KIND,KATL
2010,YTYA,YMMB
2011,KPAO,KBLU
2012,KLAS,KBUR
2013,RCTP,RJBB
2014,KORD,KSDF
2015,KVNY,KHWD
2016,SBBR,SBGR
2017,KTPA,KMIA
2018,KFLL,KSFO
2019,KATL,EHAM
2020,KATL,KSTL
2021,KDEN,KATL
2022,OERK,OEDF
2023,KCLT,KSAN
2024,ZGSZ,ZUCK
2025,KMSP,KJFK
2026,KSKA,KSEA
2027,KDAL,KLAS
2028,YSSY,KLAX
2029,KSBP,KSTS
2030,EBBR,EDDP
2031,KSNA,KPHX
2032,VOBL,VIDP
2033,SBGR,SBCO
2034,VIDP,OTHH
2035,KDEN,KSJC
2036,KSTL,KDAL
2037,KIAH,KSAT
2038,KORL,KPHL
2039,KRDU,KBOS
2040,KDFW,07KY
2041,KJFK,KPHX
2042,OMDB,VOBL
2043,KSMF,KSNA
2044,KSJC,KPHX
2045,KORD,KSYR
2046,NZHN,NZCH
2047,KMIA,KLAX
2048,KBNA,KMSP
2049,KMSP,KLAX
2050,KVNY,KSBP
2051,KD73,KPDK
2052,VOBL,VABB
2053,PANC,6AK3
2054,KAWO,KPAE
2055,SBSP,SBBR
2056,K3N6,NJ75
2057,KMDW,KGYY
2058,KEWR,EBBR
2059,CYCD,CYVR
2060,KBWI,KSAT
2061,VIDP,VOMM
2062,KFLL,KEWR
2063,KLGA,KDCA
2064,YBBN,YSSY
2065,WN51,KBVS
2066,KORD,KJFK
2067,KMIA,LPPT
2068,YMEN,YLIL
2069,KBUY,KMMU
2070,EBLG,EGSS
2071,KSPG,KOPF
2072,KORD,KMDT
2073,KRSW,KORD
2074,YPJT,YSEN
2075,KORD,KORF
2076,KLAS,KLAX
2077,YMML,YPAD
2078,KATL,KSNA
2079,KSMF,KPHX
2080,YBBN,YMML
2081,KOMA,KATL
2082,KTEB,KOPF
2083,KAUS,KHOU
2084,KLHM,KAUN
2085,KSEA,KSJC
2086,KFLL,KPHL
2087,KA39,KFFZ
2088,KFAT,KPHX
2089,KEWR,EGLL
2090,LIMC,EDDP
2091,KVIS,KOAK
2092,KMIA,KCMH
2093,VOBL,VIDP
2094,KLBE,KFLL
2095,VOMM,VABB
2096,YBCG,YPAD
2097,KMSP,KRSW
2098,KPHX,KLAS
2099,KMRB,KFDK
2100,KRSW,KBKL
2101,KORD,KLGA
2102,KIAD,EGLL
2103,OTHH,ELLX
2104,SBRJ,SSJC
2105,KMIA,KSDF
2106,KATL,SC32
2107,EDDK,EGNX
2108,KMRB,KFDK
2109,RCTP,WMKK
2110,KFLL,KMDW
2111,KBOI,KLAS
2112,KLAS,KLAX
2113,ENBR,ENZV
2114,KATL,KSDF
2115,KBOS,KPHL
2116,VIDP,VOBL
2117,KSBD,KSDF
2118,VOMM,VIDP
2119,KLGA,KDCA
2120,KSNA,KPHX
2121,KORD,KEWR
2122,KSAN,KPHX
2123,KJFK,KMIA
2124,KC83,KSQL
2125,KDAL,KABQ
2126,KMIA,KFLL
2127,RJOO,RJOM
2128,RJTT,RJOA
2129,KATL,KDCA
2130,WA04,KRNT
2131,KDTW,KMCI
2132,YPPH,YSSY
2133,SBBR,SBGL
2134,RCTP,RJBB
2135,OMDB,RPLL
2136,KATL,KSRQ
2137,KDEN,KPHX
2138,EBLG,EGNX
2139,KMDW,KDAL
2140,RCQC,RCNN
2141,KTPA,KLGA
2142,RJTT,VHHH
2143,KBOI,KSAN
2144,KSNA,KLGB
2145,VOMM,VABB
2146,KMCI,KDEN
2147,KEWR,KFLL
2148,KMKE,KMSP
2149,KGPI,KCRQ
2150,KSLC,KORD
2151,KMIA,KJFK
2152,KATL,KPHL
2153,KSFO,KLAX
2154,OK25,KRVS
2155,KLGA,KCLT
2156,KORD,KBOS
2157,KSEA,KSMF
2158,KJFK,KSFO
2159,KDTW,KOMA
2160,EGNX,EDDP
2161,YPPF,YPAD
2162,WMKJ,WMSA
2163,KBOI,KPDX
2164,NZCH,NZWN
2165,KDEN,KMDW
2166,KORD,KDTW
2167,KDTW,KDFW
2168,KLGB,KPHX
2169,KBOS,EHAM
2170,KDFW,KTUL
2171,KSFO,KSAN
2172,KLAX,KORD
2173,VOBL,VOMM
2174,YPJT,YSEN
2175,NZAA,NZCH
2176,KEWR,KBNA
2177,KRHV,KSQL
2178,KATL,EGLL
2179,RCQC,RCKH
2180,YSWG,YNAR
2181,RJAA,RCTP
2182,KDAL,KATL
2183,KORD,KPDX
2184,KATL,KPDX
2185,SBCO,SBGR
2186,KIND,KMSP
2187,EDDV,LTFJ
2188,KHSV,KATL
2189,KPSP,KBOI
2190,NZCH,NZOI
2191,KSBP,KRIR
2192,KMIA,KBOS
2193,VHHH,WMKK
2194,KORD,KIAD
2195,KSFO,KBOI
2196,KPHX,KBUR
2197,KABQ,KPHX
2198,KDTW,KMSP
2199,KYKM,KGEG
2200,KSFO,KLAX
2201,KEWR,EDDF
2202,YHBA,YBBN
2203,KATL,KSGF
2204,SBRJ,SSJC
2205,KORD,KGRB
2206,KLAX,KSJC
2207,RCTP,WSSS
2208,ZGSZ,ZUCK
2209,KORD,KFLL
2210,RJOO,RJTT
2211,KVNY,KFAT
2212,KDTO,KGLE
2213,CYUL,KFLL
2214,KRFD,KDTW
2215,KMSP,KLAS
2216,KORL,KMKE
2217,KBOI,KOAK
2218,KATL,KRSW
2219,KORD,KY51
2220,KSEA,FD83
2221,KBUR,KPHX
2222,KDEN,KBNA
2223,KLAS,KSMF
2224,KMIA,KATL
2225,OMDB,OBBI
2226,LFPG,LFBO
2227,KATL,KBWI
2228,KDAL,KMCI
2229,KORD,KSMD
2230,KMSP,PANC
2231,WSSS,WMKK
2232,KLAX,OMDB
2233,KJFK,EGLL
2234,YMMB,YWON
2235,VOMM,VABB
2236,KMKE,KMSN
2237,KDTW,KLGA
2238,KLAS,KDFW
2239,KMIA,KORD
2240,KFLL,KEWR
2241,KOMA,KMSP
2242,KDEN,KOMA
2243,KSEA,KPHX
2244,KBOS,KJFK
2245,KORD,VIDP
2246,KPIE,KAPF
2247,KDFW,KCMH
2248,KDTW,KTYS
2249,KLGA,KTPA
2250,KDFW,KCMI
2251,KDAL,AL40
2252,KJFK,KLAS
2253,RJAA,RKSI
2254,KATL,KFLL
2255,KATL,KABQ
2256,KPHX,KLAX
2257,KSEZ,KPHX
2258,TJSJ,FD37
2259,VABB,VIDP
2260,KLAS,KSNA
2261,VIDP,VECC
2262,UAAA,UAII
2263,YWLM,YBBN
2264,KDFW,KMDT
2265,KJFK,LEMD
2266,KDFW,KSTL
2267,KEWR,KMIA
2268,KBDR,KFRG
2269,KATL,KHSV
2270,RKSI,EHAM
2271,KSNA,KVNY
2272,YMML,YBMC
2273,KORD,KBNA
2274,KORD,71KY
2275,KTPA,KDTW
2276,YSSY,KLAX
2277,KBOS,KLAX
2278,KLAS,KSAN
2279,KOAK,KSNA
2280,KLAX,KLAS
2281,OMDB,VIDP
2282,KSAT,KATL
2283,KSUS,KAPA
2284,EDDP,LFPG
2285,KSTS,KSEA
2286,KABQ,KPHX
2287,KSAN,KPHX
2288,KVNY,KSNA
2289,CYUL,CYYC
2290,KEWR,EDDF
2291,KDEN,KSLC
2292,KLAS,KBWI
2293,KCOS,KPHX
2294,KSFO,LFPG
2295,WMKJ,WMBA
2296,KDEN,KBNA
2297,KONT,KSFO
2298,VIDP,VECC
2299,KDVT,KCHD
2300,YWOL,YMEN
2301,RJTT,RJOM
2302,KORD,KFLL
2303,KLAX,KCVG
2304,KORD,KDAY
2305,KBOS,KMMU
2306,KPHX,KLAX
2307,KMDT,KRFD
2308,KDEN,KPHX
2309,KOAK,KSAN
2310,PANC,KLAX
2311,RJBB,VHHH
2312,KJFK,KRDU
2313,EDDP,EBBR
2314,KFLL,KLGA
2315,KVIS,KOAK
2316,RJTT,RJOS
2317,KORL,KJFK
2318,KBNA,KPHX
2319,KLAX,KSNA
2320,KDEN,KSLC
2321,KBWI,KLAX
2322,KSEA,KDAL
2323,KDTW,KMIA
2324,KBFL,KPHX
2325,KORD,KDTW
2326,KATL,KRDU
2327,KPHX,KRIR
2328,3NK5,KBUF
2329,CYUL,CSK5
2330,KSLC,KJFK
2331,KSFO,RCTP
2332,KIAH,LFPG
2333,KLAX,KSTS
2334,KLAS,KBNA
2335,YSWG,YMML
2336,KDFW,KRDU
2337,KBFI,KPAE
2338,KMSP,KSEA
2339,KPHL,KFLL
2340,LIMC,LFPG
2341,KTUS,AZ19
2342,KDFW,KLGA
2343,KDTW,KPHX
2344,RJTT,RPLL
2345,KJFK,EGLL
2346,KLAX,KPHX
2347,GMMN,LTFJ
2348,KSNA,KSFO
2349,KMSP,KJFK
2350,KSGF,KSUS
2351,KPIT,KBFD
2352,KSQL,KO69
2353,KSDL,KLAX
2354,KSAC,KAUN
2355,KATL,KSAN
2356,KLAX,KFAT
2357,KDTW,KGRB
2358,KDEN,KOAK
2359,KSJC,KE16
2360,KLGA,KMIA
2361,KSBA,KAPA
2362,KMIA,KSTL
2363,KLAS,KMDW
2364,KATL,KMIA
2365,ULMM,UUDD
2366,KORD,KRDU
2367,RKSI,KATL
2368,KEWR,KDFW
2369,KDFW,KSDF
2370,KSBP,KBUR
2371,KSLC,KLAS
2372,CYCD,CYVR
2373,KPHX,KSFO
2374,KORL,KLAS
2375,EGMC,LEBL
2376,MMTJ,KSAN
2377,KLAS,KLAX
2378,KBWI,KATL
2379,KFLL,KDTW
2380,KORD,KPHL
2381,LIMC,LEBL
2382,KOLS,KPHX
2383,KSFO,EGLL
2384,KDTW,KSFO
2385,KTPA,KATL
2386,KDFW,KBUF
2387,KORD,KATW
2388,KSJC,KRIR
2389,KEWR,KFLL
2390,RJTT,RJOM
2391,KBUR,KLAS
2392,KPDK,KTEB
2393,KJFK,KFLL
2394,KLAX,KSFO
2395,KCLE,KLAS
2396,KLAS,KPHX
2397,KATL,KSLC
2398,OMDB,KORD
2399,KSAT,KDFW
2400,KMIA,MROC
2401,KPHX,KMCI
2402,YMML,YBBN
2403,KYKM,KGEG
2404,YBBN,YMML
2405,KSYR,KRSW
2406,CYUL,CYVR
2407,SBGR,SSJC
2408,KSLC,KSAN
2409,VIDP,VIDN
2410,RKSI,RCTP
2411,KLAS,KDTW
2412,KMIA,KBWI
2413,VOBL,VECC
2414,KDFW,KBNA
2415,KJNX,KRDU
2416,KORD,KMSP
2417,KSNA,KPAE
2418,KOAK,KBUR
2419,KMCI,KATL
2420,KSFO,KORD
2421,KLAS,KLAX
2422,VABB,VIDP
2423,KLGA,KMIA
2424,KPIT,KDUJ
2425,KLAX,KSAT
2426,KBOS,KRDU
2427,KSBP,KPHX
2428,KORD,EDDF
2429,KORL,KBNA
2430,YBCG,YSSY
2431,SBBR,SBVT
2432,KSBA,KPHX
2433,KDEN,KSDF
2434,KMDW,KLAS
2435,KATL,KLAS
2436,KVIS,KOAK
2437,CYYZ,CYYC
2438,WMKK,WBKL
2439,KJFK,ELLX
2440,VOBL,VABB
2441,KATL,KBWI
2442,KLAS,KSAT
2443,KFLL,KPHX
2444,KIAH,KDFW
2445,KSAN,KMDW
2446,KBLI,KSEA
2447,EBLG,EGSS
2448,KLGA,KMCO
2449,RKSI,VHHH
2450,KDFW,KRSW
2451,KPSP,KPHX
2452,KPHX,KMKE
2453,KLAS,KMSP
2454,KONT,KLAS
2455,UNEE,UUDD
2456,SBGL,SBGR
2457,KBNA,KSAN
2458,KATL,KSEA
2459,KHOU,KDEN
2460,PANC,KSEA
2461,KDEN,KPHX
2462,KHHR,KSQL
2463,CYUL,LFPG
2464,KFNT,KPGD
2465,LFPG,EDDP
2466,KORL,KDEN
2467,YSSY,YMML
2468,KSBP,KRIR
2469,CYVR,CYYC
2470,KPHX,KSLC
2471,RPLL,RJBB
2472,KMIA,KLGA
2473,KDFW,KORF
2474,KOAK,KSTS
2475,KCMA,KVNY
2476,RJBB,RJAA
2477,KPDX,KSEA
2478,KRSW,KLGA
2479,KATL,KLGA
2480,YMML,OMDB
2481,KMSP,KSNA
2482,NZNV,NZWN
2483,KDFW,KBWI
2484,WSSS,EGLL
2485,KSLC,KSDL
2486,KORD,KEWR
2487,KLGB,KOAK
2488,VIDP,VABB
2489,RKSI,UUEE
2490,KEWR,EIDW
2491,YPAD,YSSY
2492,KLAS,KSMF
2493,KDAL,KISM
2494,KORD,KSTL
2495,KSLC,KBOI
2496,KFLL,KDCA
2497,KATL,KIAD
2498,KSTL,MO81
2499,KJFK,LFPG
2500,KORL,KLGA
2501,KSLC,KRIR
2502,KDFW,KLGA
2503,VIDP,VAPO
2504,KOAK,KSJC
2505,KLAS,KSLC
2506,KLGA,KORD
2507,KLAX,RCTP
2508,KTPA,KBOS
2509,KBWI,07KY
2510,KIGX,8NC6
2511,KAUS,KBOS
2512,NZCH,NZWN
2513,KORD,KATL
2514,WN51,KBLI
2515,KOMA,KDTW
2516,KSBP,KRIR
2517,KPDX,KSMF
2518,KATL,KHOU
2519,KORD,KMCI
2520,KMIA,KJFK
2521,KORD,56WI
2522,KATL,KORD
2523,YMML,YSSY
2524,KATL,KBOS
2525,KABQ,KPHX
2526,KWHP,KBUR
2527,KMSP,KISM
2528,KMSP,56WI
2529,KLAS,KSMX
2530,KSKA,KSEA
2531,KPDX,KLAX
2532,KATL,KFLL
2533,KORD,KPHX
2534,RCTP,RPLL
2535,KATL,KTUS
2536,KDEN,KATL
2537,KORL,KHOU
2538,NZCH,NZPM
2539,KBOS,EHAM
2540,KORD,KDCA
2541,KBOI,KLAX
2542,KSMF,KPDX
2543,NZWN,NZNV
2544,KRSW,KBKL
2545,YMML,YSCB
2546,KBNA,KATL
2547,KLGB,KSJC
2548,KSEA,MT54
2549,MD35,KBWI
2550,KORD,KSFO
2551,VABB,VOTP
2552,KORD,71KY
2553,KLAS,KCVG
2554,KPSP,KSLC
2555,KOPF,KX49
2556,KDEN,KBOS
2557,KSTL,KSLC
2558,KDFW,KDTW
2559,KDAL,KHOU
2560,KLAX,KMSN
2561,KATL,KRSW
2562,KDFW,KSFO
2563,KBOI,KSEA
2564,KSJC,KSEA
2565,KPHX,KSAT
2566,KATL,KGRB
2567,KBNA,KBOS
2568,KCLT,KSAT
2569,KMDW,KOAK
2570,KSBP,KSFO
2571,KDFW,KFLL
2572,KLAS,KATL
2573,KLGA,KFLL
2574,KSFO,KLAS
2575,OTHH,EHAM
2576,KJFK,KSYR
2577,CYVR,CYYZ
2578,KTPA,KORD
2579,KSAT,KSLC
2580,KDEN,KPHL
2581,RKSI,KJFK
2582,KORD,KSGF
2583,KHOU,KDAL
2584,KGAI,KLNS
2585,KLAS,KBUR
2586,KLAX,KSLC
2587,KATL,KMCI
2588,KPAE,KHIO
2589,KORD,KDEN
2590,EDDK,VHHH
2591,KDFW,KSMF
2592,KDTW,KATW
2593,KDEN,KTUL
2594,KORD,KBWI
2595,OMDB,OBBI
2596,KLAS,KMSP
2597,KSYR,KBUF
2598,KDFW,KBUR
2599,RJOO,RJTT
2600,KATL,KORD
2601,EBBR,EDDP
2602,KSLC,KLAX
2603,KDFW,KFLL
2604,KMSP,KSMF
2605,KJFK,KTPA
2606,KORD,KLGA
2607,EGGW,LFPG
2608,KATL,KDEN
2609,YSCB,YBCG
2610,KATL,KORF
2611,KMSP,KDEN
2612,KATL,KDAY
2613,KEWR,KSDF
2614,KTPA,KMSP
2615,KDFW,KVPS
2616,KBNA,KATL
2617,KBUF,KSDF
2618,KORD,KMKE
2619,KJFK,KROC
2620,PANC,KSDF
2621,EDDP,EGNX
2622,KDAL,KSNA
2623,KSDF,KOMA
2624,KSMF,KSLC
2625,KORD,OI45
2626,KLAX,KSFO
2627,KPWK,K02C
2628,KSAT,KDAL
2629,KMMU,KHPN
2630,KDFW,KLAS
2631,KJFK,KSYR
2632,KLAS,KSEA
2633,EBLG,EGNX
2634,KPHX,KSLC
2635,KBWI,KOQU
2636,KMSP,KSAT
2637,KPDX,KLAX
2638,RJTT,RJOO
2639,6PA3,KMDT
2640,VOMM,VABB
2641,KBLI,KPAE
2642,EGNX,EDDK
2643,KORD,KDFW
2644,KSTL,KTUL
2645,KCLT,KDFW
2646,KORD,EGLL
2647,PANC,KSEA
2648,KDFW,KSBA
2649,KPSP,KDFW
2650,KLAS,KDAL
2651,KBUR,KSMF
2652,KDAL,KLAX
2653,KDEN,KBOS
2654,KDFW,KPHX
2655,RCQC,RCKH
2656,KCLT,17NC
2657,KLAX,KDFW
2658,KSTL,KMKE
2659,KSEA,KPDX
2660,YMML,YSSY
2661,KRSW,KDTW
2662,KORL,KBOS
2663,KPHX,KOAK
2664,KOAK,KSFO
2665,EDDK,EKCH
2666,KORD,KSYR
2667,UUDD,UWKD
2668,KFAT,KSLC
2669,KPHX,KSTL
2670,KCLM,KPWT
2671,VOMM,VABB
2672,NZCH,NZNV
2673,KDTW,KFLL
2674,KATL,KLAX
2675,KATL,KVPS
2676,VECC,VOBL
2677,KORD,KLAX
2678,KSAN,KOAK
2679,KLAX,KPHX
2680,KDFW,KBOI
2681,KORD,KPIT
2682,ZGSZ,WSSS
2683,KBUR,KSLC
2684,YSEN,YPJT
2685,KPSP,KMSP
2686,VIDP,EDDF
2687,KDAL,KMDW
2688,YMML,YBBN
2689,KMDW,KSMF
2690,KRSW,KEWR
2691,KLAX,KLAS
2692,KMSP,KDFW
2693,KORD,KOMA
2694,VAJJ,VIDP
2695,YBCG,YMML
2696,KDEN,KABQ
2697,6OR8,KPDX
2698,KBWI,KMKE
2699,VHHH,RCTP
2700,KJFK,EHAM
2701,KPDX,KSLC
2702,NZAA,NZPM
2703,KDEN,KHOU
2704,NZCH,NZWN
2705,KONT,KSLC
2706,KSLC,KLAS
2707,KBUR,KPHX
2708,KBOS,KFLL
2709,KGRI,KOMA
2710,KBWI,KALB
2711,KBLI,KSEA
2712,KDFW,KSAT
2713,RPLL,WSSS
2714,KBUF,KRSW
2715,KLAS,KORD
2716,KORD,KBUF
2717,KCLT,KMIA
2718,NZGB,NZAA
2719,KOAK,KSLC
2720,YBBN,KLAX
2721,KBUR,KSFO
2722,7PN0,KXLL
2723,KMIA,KLAX
2724,KCLT,KDAY
2725,KMSP,KSAN
2726,KJFK,KBOS
2727,YMML,YMHB
2728,KC83,KPAO
2729,WBSB,WSSS
2730,KOMA,KSLC
2731,KEWR,KLAS
2732,KORD,KSLC
2733,KIAD,OTHH
2734,KATL,KSMF
2735,KDAL,KATL
2736,OMDB,LEMD
2737,VABB,VOBL
2738,EDDK,EGNX
2739,KFLL,KHPN
2740,KDFW,1MU0
2741,YMML,YBCG
2742,KBNA,KFLL
2743,KORD,KCMI
2744,KSMF,KSAN
2745,KDFW,KGOP
2746,KATL,KMSP
2747,KTUS,KPHX
2748,PANC,KORD
2749,VIDP,VOTP
2750,KPHL,KSDF
2751,KSFO,KSLC
2752,KPIE,KTYS
2753,KHOU,KBWI
2754,SPJC,SKBO
2755,KBNA,KMSP
2756,YWLM,YMML
2757,MD35,KBWI
2758,KBWI,KBOS
2759,OTHH,VOMM
2760,YSBK,YSWG
2761,VABB,VHHH
2762,KDFW,KPHL
2763,KFLL,KSFO
2764,CYYJ,CYYC
2765,KDEN,KDTW
2766,KFAT,KSLC
2767,KDFW,KATL
2768,KBWI,KLAS
2769,KORD,OTHH
2770,RCSS,RCFG
2771,WSSS,RPLL
2772,KMSP,KORD
2773,KTPA,KJFK
2774,KPAN,KPHX
2775,YMML,YBCG
2776,WMKK,WBKK
2777,WMKK,YSSY
2778,KCLT,KALB
2779,KMRT,KOSU
2780,KSJC,KSLC
2781,KDFW,KSLC
2782,KBWI,KMDW
2783,KEWR,LLBG
2784,KSAN,KSMF
2785,KCLT,KSRQ
2786,KATL,KEWR
2787,UWWW,UUWW
2788,VHHH,WSSS
2789,KJFK,KBUF
2790,KORD,KSLC
2791,KCLT,KBNA
2792,KBWI,KBUF
2793,KSEA,KMSP
2794,WSSS,VHHH
2795,OTHH,VHHH
2796,KSBP,KBUR
2797,KDFW,KSNA
2798,KFLL,KCVG
2799,KDFW,KMIA
2800,K1O2,KSMF
2801,KBLI,KBFI
2802,KDEN,KLGA
2803,KDEN,KSLC
2804,KCLT,KDCA
2805,KBWI,KROC
2806,KSTL,KMCI
2807,KPDX,KLAS
2808,KDFW,KFAT
2809,NZAA,NZGB
2810,VABB,VOBL
2811,KATL,KCMH
2812,CYYJ,CYPK
2813,8AK2,PANC
2814,EDDP,LFPG
2815,PANC,KSDF
2816,KJFK,KFLL
2817,KCLT,KROC
2818,KONT,KPHX
2819,KMDT,KPGD
2820,KDEN,KTUL
2821,KSJC,KSAN
2822,KATL,KMDT
2823,KSTL,KLAS
2824,KCLT,KSYR
2825,KLAX,KMDW
2826,KLAS,KLGB
2827,VHHH,OTHH
2828,ZGSZ,RCTP
2829,KSAN,KSJC
2830,KCWA,KMKE
2831,YMEN,YLIL
2832,VABB,VOBL
2833,KDFW,KRIR
2834,KLHM,KAUN
2835,SBKP,SBBR
2836,KCLT,KTOL
2837,KONT,KDEN
2838,KDCA,KCMH
2839,KSAT,KSDF
2840,KEWR,LPPT
2841,YMML,NZAA
2842,KCLT,KBWI
2843,VOBL,VOMM
2844,KATL,KCMH
2845,KCOS,KPHX
2846,KDEN,KSTL
2847,KBWI,KBKL
2848,KO69,KOAK
2849,50NE,KOMA
2850,RJTT,VHHH
2851,OR38,KPDX
2852,YBCG,YPAD
2853,KDTW,KRSW
2854,KSTL,KPHX
2855,LEMD,LEPA
2856,KDEN,KCMH
2857,KMIA,LFPG
2858,KCLT,KPHL
2859,KDFW,KBKL
2860,KBNA,KISM
2861,KCLT,KORD
2862,YPPH,YMML
2863,WSSS,VOBL
2864,YBBN,YPAC
2865,VIDP,VABB
2866,KORL,KLAX
2867,RPLL,WBSB
2868,KDTW,KLAX
2869,YSSY,YSCB
2870,KSEA,KSAN
2871,VOBL,VABB
2872,RKSI,UUDD
2873,KDFW,KUTA
2874,KSMF,KPHX
2875,KSTL,KLAX
2876,RJOA,RJTT
2877,KSFO,KLAX
2878,64OR,KPDX
2879,KEWR,KCLT
2880,KDFW,KPSP
2881,ZGSZ,ZUCK
2882,KJFK,KBUF
2883,KSJC,KHIO
2884,KDEN,KSTL
2885,UNEE,UUWW
2886,RCTP,YBBN
2887,KDFW,KMCI
2888,SBGR,SBVT
2889,KSEA,KPSP
2890,KSNA,KSDL
2891,YMML,YBBN
2892,KBLI,KRNT
2893,23NJ,KPHL
2894,KCLT,KABE
2895,KATL,KPHL
2896,KMIA,KVNY
2897,OMDB,LFPG
2898,KPHX,4IL3
2899,KDEN,KPHL
2900,KPHL,KSAN
2901,KAUS,KDAL
2902,NZRO,NZCH
2903,VIDP,VOBL
2904,KDEN,KFLL
2905,KPDX,KSEA
2906,KMCI,KLAX
2907,KORD,KSEA
2908,VOMM,VOBL
2909,KSTL,KOMA
2910,KRHV,KSQL
2911,KCLT,KPHF
2912,KCLT,KPLR
2913,SKBO,EDDF
2914,VIDP,VAPO
2915,KSFO,KPSP
2916,KSNA,KSEA
2917,KPHX,KSEA
2918,YWLM,YBBN
2919,KATL,KTYS
2920,KSEA,KBOI
2921,OERK,OBBI
2922,KBWI,KCMH
2923,WMKK,YMML
2924,WSSS,YSSY
2925,RJOO,RJTT
2926,VHHH,RPLL
2927,RJTT,KJFK
2928,KDEN,KRDU
2929,KPHL,KCLT
2930,KLAX,KSMF
2931,NZCH,NZAA
2932,KATL,LFPG
2933,KCLT,KCMH
2934,VECC,VIDP
2935,VIDP,VOMM
2936,KDTW,KORD
2937,YSSY,YBBN
2938,KEWR,KMCO
2939,YPJT,YBUN
2940,KDTW,KCLT
2941,KDEN,KBKL
2942,KFLL,SKMA
2943,KDFW,KBOS
2944,RCTP,WMKK
2945,OMDB,VOMM
2946,KCLT,KDTW
2947,KGLE,KDTO
2948,KORD,K9G2
2949,KDEN,KBWI
2950,NZKF,NZAA
2951,VIDP,OMDB
2952,KATL,KCMH
2953,KDFW,KSAN
2954,KPHX,KDAL
2955,KCOS,KDEN
2956,CYVR,CYYJ
2957,OTHH,VIDP
2958,KFLL,KBOS
2959,KRDU,KMSP
2960,KPAE,KBFI
2961,KDFW,KMSP
2962,KDEN,KLGA
2963,KJFK,KLAS
2964,VOMM,VOBL
2965,KDEN,KRIR
2966,KDFW,KPDX
2967,KDTW,KPIT
2968,KDEN,KCVG
2969,RCTP,RPLL
2970,EDDP,EKCH
2971,VABB,OMDB
2972,KDFW,KECP
2973,KRSW,KDTW
2974,KDTW,CYYZ
2975,KBNA,KCMH
2976,YBRS,YMMB
2977,KCLT,KMDT
2978,KBWI,KFLL
2979,KJFK,KATL
2980,KDCA,KALB
2981,KATL,KDTW
2982,LFPG,EGNX
2983,KOAK,KLAX
2984,VHHH,RJBB
2985,EBLG,EGNX
2986,KDFW,KLAX
2987,LTBA,OMDW
2988,KCLT,KTYS
2989,PANC,6AK3
2990,TJSJ,KEWR
2991,KBNA,KBKL
2992,KORD,KSNA
2993,KDFW,KSGF
2994,KO69,KOAK
2995,KBWI,KISP
2996,NZAA,NZCH
2997,KDFW,KDEN
2998,KOAK,KHOU
2999,KDTW,KRSW
3000,YTYA,YMMB
3001,VHHH,RPLL
3002,EDDP,EDDK
3003,KORD,KSPI
3004,KCLT,KRSW
3005,KCLT,28NR
3006,KSEA,KBNA
3007,KSJC,KLGB
3008,KMDT,KEWR
3009,KVUO,WN80
3010,KDTW,KBWI
3011,KRSW,CYYZ
3012,VIDP,VAPO
3013,KMIA,MGGT
3014,KAUS,KSAN
3015,KCLT,KRDU
3016,KMDW,KHOU
3017,KFLL,KLAS
3018,CYYZ,EGLL
3019,KFRG,KPHL
3020,KBNA,KPHL
3021,KVIS,KRIR
3022,KLAS,KSEA
3023,K1O2,KMHR
3024,KDTW,KFLL
3025,KJFK,EGLL
3026,KMDW,KSJC
3027,OBBI,OMAA
3028,KOAK,KPHX
3029,EDDP,EGNX
3030,50NE,KOMA
3031,KDFW,KCOS
3032,KCLT,CYYZ
3033,VOBL,VECC
3034,KDEN,KSDF
3035,KPHL,46SC
3036,KORD,73MU
3037,KDTW,KSTL
3038,WA49,KSEA
3039,KBWI,KCVG
3040,KLNS,KGAI
3041,KCLT,KCMI
3042,KORD,KBNA
3043,KLAX,KPDX
3044,RCTP,RJBB
3045,KATL,KRDU
3046,KMDW,KDCA
3047,MROC,KLAX
3048,KPHL,KORD
3049,YCBG,YMML
3050,KSFO,KSAN
3051,KDEN,KFLL
3052,RJBB,RJAA
3053,KCLT,KSDF
3054,KBWI,KHOU
3055,KBNA,KMCI
3056,KDFW,KHOU
3057,KLVK,63CN
3058,YMMB,YTDN
3059,CYHM,KJFK
3060,KORD,KSTL
3061,KTUS,KPHX
3062,KLAX,KLAS
3063,KSEA,KBNA
3064,KDEN,KLAX
3065,KCLT,KBOS
3066,KFLL,KTEB
3067,YMMB,YLOY
3068,KACY,KFLL
3069,RJTT,RJOA
3070,KDTW,KSDF
3071,EGNX,EDDK
3072,VHHH,RKSI
3073,RJBB,RCTP
3074,KMDW,KPHX
3075,VOBL,VIDP
3076,KSEA,KTUS
3077,YCDR,YCAB
3078,KCLT,KSTL
3079,KEWR,KCMH
3080,EDDK,LFPG
3081,KCLT,KHPN
3082,KPSP,KSEA
3083,KDFW,KLAX
3084,KDTW,CLM2
3085,KDAL,KBWI
3086,KSFO,KPDX
3087,KPDX,KSEA
3088,KDEN,KRSW
3089,NZCH,NZRO
3090,KIAH,KSFO
3091,KSEA,6WA3
3092,KMDW,KCMH
3093,KCLT,KMSP
3094,KYKM,KGEG
3095,KDTW,KMSN
3096,YBMC,YMML
3097,WMKK,WBKK
3098,KLAX,RKSI
3099,KBNA,KDTW
3100,YMEN,YBSS
3101,VECC,VOBL
3102,KSFO,KBUR
3103,YBBN,YMML
3104,KORD,KTPA
3105,KCLT,KEWR
3106,KCLT,KBKL
3107,KDEN,KMKE
3108,KSEA,KSJC
3109,KRSW,KTTN
3110,KEWR,VABB
3111,KAUS,KMDW
3112,KDTW,KSYR
3113,KPHX,KSLC
3114,EDDK,LIME
3115,YSCB,YBBN
3116,YPJT,YMUL
3117,KDFW,KSLC
3118,KMDW,KLAS
3119,KPHL,KDFW
3120,KORD,KBOI
3121,KFLL,KDEN
3122,KDEN,KSFO
3123,KDTW,KSAT
3124,KBNA,KBWI
3125,KCRQ,KSNA
3126,KSTS,KOAK
3127,KLAX,KMSP
3128,KSEA,KORD
3129,KSAN,KSJC
3130,KDTW,KDCA
3131,SBGR,SBGL
3132,KLAS,KSNA
3133,KPHL,KMIA
3134,NZWN,NZCH
3135,KMDW,KSAN
3136,KCLT,KW91
3137,KORD,KSAT
3138,KSEA,KDFW
3139,TJSJ,KJFK
3140,KLAX,KPHX
3141,KDEN,EDDF
3142,KORD,PANC
3143,KMCI,KDAL
3144,KLGA,KFLL
3145,KMDW,KSTL
3146,RKSI,WSSS
3147,KSJC,KIWA
3148,KPHL,CYYZ
3149,UAAA,UAII
3150,KBOI,KSEA
3151,KIAH,KRDU
3152,EGNX,LIMC
3153,KDFW,KSJC
3154,KATL,KBNA
3155,KCLT,KMSN
3156,KDTW,KIAD
3157,KPHX,KDFW
3158,KMDW,KMCI
3159,KDEN,KATL
3160,KMIA,KSDF
3161,KSEA,KLAX
3162,KDEN,KOMA
3163,KMDW,KDAL
3164,VIDP,VECC
3165,VABB,VIDP
3166,KSJC,KSNA
3167,KCLT,KLGA
3168,KFLL,KLGA
3169,KCLT,KLAS
3170,KORD,KTYS
3171,KDFW,KSEA
3172,KBNA,KHOU
3173,KPHL,KLAX
3174,KBIE,KOMA
3175,KPHX,KBNA
3176,KOFK,KOMA
3177,SN57,KOJC
3178,0CN2,KSMF
3179,KSNA,KSLC
3180,CYVR,CYCD
3181,KDEN,MO34
3182,KATL,KLAS
3183,YSCB,YBCG
3184,KIAH,KSNA
3185,KDFW,MS25
3186,KCWA,KMKE
3187,VIDP,VOBL
3188,EDDK,EGNX
3189,KORD,KSMF
3190,KPHX,KSBP
3191,KDTW,KROC
3192,KSEE,KSNA
3193,KPHL,KTPA
3194,KSAN,KSEA
3195,KLAX,KLAS
3196,KFLL,KCMH
3197,KLGB,KSLC
3198,KSFO,KSEA
3199,KPHX,KORD
3200,YWLM,YBBN
3201,ULMM,UUDD
3202,KDEN,KBWI
3203,KMIA,KLGA
3204,KVNY,KSNA
3205,KPWK,KOSU
3206,KORD,KMSN
3207,KMDW,KLGA
3208,KDTW,62IA
3209,NZHN,NZWN
3210,KORD,KSDF
3211,KATL,KOMA
3212,KATL,KPHX
3213,KLAX,KDTW
3214,CYQQ,CYYC
3215,KSEA,KLAX
3216,KPHX,KHOU
3217,KIND,KMKE
3218,VAJJ,VIDP
3219,KMDW,KBNA
3220,KOSU,KI23
3221,KORD,KCOS
3222,KPHL,KATL
3223,YSSY,YMML
3224,KPHX,KSFO
3225,KORD,KCMH
3226,KCLT,KBUF
3227,KMDW,KOMA
3228,KORD,KGRB
3229,KFRG,KFOK
3230,KSMF,KSEA
3231,KBNA,KDCA
3232,KDEN,KMSP
3233,KDFW,KLAS
3234,KSEA,CL36
3235,KDTW,KMKE
3236,KATL,1AR1
3237,KLAS,KPHX
3238,KPHX,KMSP
3239,CYUL,LFPG
3240,KPHL,KDEN
3241,KATL,KRSW
3242,NZKF,NZWP
3243,KDCA,KBOS
3244,KSEA,KGEG
3245,RKSI,VHHH
3246,KMDW,KBWI
3247,EDDK,EDDP
3248,KHOU,KDEN
3249,KPHX,KPDX
3250,EGNX,EDDP
3251,KFLL,KATL
3252,KDEN,KATL
3253,KIND,KDEN
3254,KRDU,KSDF
3255,KCLT,KMKE
3256,KPHX,KPSP
3257,KJFK,KDEN
3258,KMSP,KIAD
3259,KDEN,KBKL
3260,KMDW,KLAX
3261,KDFW,KLAX
3262,KFLL,KLAX
3263,KPHL,KCVG
3264,EDDP,LIMC
3265,KSEA,KPHX
3266,CYYZ,CYQY
3267,KSAN,KMSP
3268,KORD,KMKE
3269,KSFO,KMSP
3270,KCLT,KATL
3271,EGNX,EKCH
3272,KDFW,SBGR
3273,KDEN,KSEA
3274,KDTW,KCMH
3275,KORD,KSGF
3276,KFLL,KBKL
3277,KLAX,KOAK
3278,RKSI,EDDF
3279,KIAH,KPHX
3280,KORD,KOMA
3281,KATL,KDAL
3282,KSEA,KSFO
3283,KDAL,KSAT
3284,KEWR,VIDP
3285,KLAX,KHOU
3286,OMDB,VABB
3287,NZAA,VHHH
3288,KBUY,KOSU
3289,KMDW,KATL
3290,KCLT,KFLL
3291,KLAS,KSTL
3292,RJBB,RJTT
3293,KMIA,KDCA
3294,WSSS,YPPH
3295,KBUR,KLAS
3296,KIAH,KSLC
3297,VOBL,VIDP
3298,KDTW,KPHL
3299,VIDP,WMKK
3300,KDEN,KPHX
3301,UWWW,UUEE
3302,KFLL,KATL
3303,CYYC,CYVR
3304,KATW,KMSN
3305,K61B,KVGT
3306,KDAL,KSTL
3307,KORD,KSFO
3308,RJOO,RJTT
3309,KPHL,KSDF
3310,KDFW,KSEA
3311,KSAN,KDAL
3312,KMDT,KSDF
3313,KDTW,KCVG
3314,KLAS,KMCI
3315,VABB,VIDP
3316,KMIA,KORD
3317,KDAL,KTUL
3318,KLAX,RCTP
3319,KORD,KMCI
3320,KBUR,KPDX
3321,VHHH,RCTP
3322,KMSP,KGRB
3323,KSEA,KLAX
3324,KLAS,KOAK
3325,RJTT,LFPG
3326,KFLL,KORD
3327,KORD,EDDF
3328,YBBN,WSSS
3329,KTPA,KLAS
3330,KMIA,KPHL
3331,KMSP,KEWR
3332,KPHL,KFLL
3333,KIAH,KABQ
3334,64OR,KHIO
3335,KIAH,MGGT
3336,YWLM,YSSY
3337,KLAX,KSEA
3338,KSLC,KLAX
3339,KPHL,KCMH
3340,KFLL,KEWR
3341,YMML,NZAA
3342,KLAX,KDFW
3343,KONT,KSEA
3344,KPHX,KSEA
3345,KMIA,KSEA
3346,KATL,KMCI
3347,KMQY,10TN
3348,KSEA,KLAS
3349,KBUR,KOAK
3350,KPHX,KSFO
3351,VIDN,VIDP
3352,KSEA,KPDX
3353,KDFW,KEWR
3354,KDTW,KLGA
3355,KORD,KLAS
3356,KMDW,KABQ
3357,KMIA,KPHX
3358,KRSW,KBOS
3359,KONT,KSJC
3360,KDEN,KHSV
3361,KLAS,KLAX
3362,KCLT,NC06
3363,VABB,VOBL
3364,KPHX,KBUR
3365,KATL,KPLR
3366,RKSI,KJFK
3367,NZAA,WSSS
3368,KORD,KEWR
3369,KDTW,KRDU
3370,CYYZ,CYUL
3371,KORD,KMSP
3372,KDEN,KLAS
3373,EDDP,LEBL
3374,UAII,UAAA
3375,SPJC,KMIA
3376,SBGR,SBBR
3377,KDTW,KATL
3378,UWLL,UUEE
3379,KDEN,KMSP
3380,KDFW,KDCA
3381,YMML,YBBN
3382,KSNA,KLAS
3383,KLAS,XS89
3384,KORD,KLAX
3385,KCLT,KLAX
3386,KORD,KDTW
3387,VIDP,VECC
3388,RJTT,RJOA
3389,KRSW,KDCA
3390,KDEN,KCOS
3391,KATL,KSAT
3392,KLAS,KOMA
3393,KMIA,KRDU
3394,KSDM,KVNY
3395,KCLT,KORF
3396,KPWK,K3CK
3397,PANC,KSEA
3398,KDAL,KOAK
3399,KORD,KPDX
3400,VOMM,VIDP
3401,SKBO,KMIA
3402,KORD,KLNK
3403,YBCG,YMML
3404,EDDK,LIMC
3405,KBUR,KLAS
3406,KLAS,KPAE
3407,KORD,KATW
3408,KATL,KSFO
3409,KDAL,KSAN
3410,KMSP,KRDU
3411,SBVT,SBBR
3412,KDFW,KPHX
3413,KIAH,KLAS
3414,KBOI,KPDX
3415,KORD,KSAN
3416,CYVR,VIDP
3417,KDTW,KMDT
3418,KLAX,KBNA
3419,KBNA,KLGA
3420,SPST,SPJC
3421,KMIA,KBKL
3422,KSNA,KOAK
3423,KSJC,KLAX
3424,1IS0,KCPS
3425,KSFO,KVNY
3426,0TE7,XS89
3427,KPHL,KDCA
3428,YMEN,YBBN
3429,KDAL,KSAT
3430,KBUR,KSNA
3431,KDFW,KLAS
3432,YPJT,YMUL
3433,KATL,KABE
3434,KORD,KMKE
3435,VHHH,RCTP
3436,KORL,KPHL
3437,UUWW,EVRA
3438,EDDK,EIDW
3439,6AK3,PANC
3440,KDEN,KSEA
3441,KDTW,KBOS
3442,KORD,KSDF
3443,KSMX,KBUR
3444,KLAS,KLAX
3445,VECC,VIDP
3446,KLAX,KDAL
3447,KPHX,KSJC
3448,KFLL,KBKL
3449,KPDX,KSEA
3450,KMSP,KATW
3451,YPAD,YMML
3452,KATL,KMDW
3453,YSSY,YBBN
3454,KIAH,KLAS
3455,KDEN,KEWR
3456,KMIA,KSAN
3457,KPHX,KRIR
3458,CYYZ,OMDB
3459,KORD,KSLC
3460,VHHH,PANC
3461,KSNA,KSMF
3462,KORL,KDFW
3463,KDFW,EGLL
3464,KSEA,KSFO
3465,KATL,KFLL
3466,KLAX,KMFR
3467,KMIA,SKMA
3468,KSJC,KLAX
3469,KGRB,KMKE
3470,KATL,KBKL
3471,YBBN,NZAA
3472,KORD,KPHX
3473,KSEA,KPDX
3474,EGSS,EBLG
3475,KDEN,KMKE
3476,KSAN,KPHX
3477,KFAT,KLAX
3478,KDEN,KSAT
3479,KDTW,KTPA
3480,KSBA,KBUR
3481,KONT,KSDF
3482,KPHX,KORD
3483,TJSJ,KEWR
3484,EBBR,EKCH
3485,KMSP,KSDF
3486,KATW,KMSP
3487,KATL,KDCA
3488,KMIA,KDEN
3489,KSTS,KSFO
3490,KDCA,KORF
3491,KPHL,KMSP
3492,KPHX,KSBA
3493,KDEN,KMCI
3494,KSKA,KSEA
3495,YBCG,YSSY
3496,KMSP,KDTW
3497,EBBR,LHBP
3498,KLAS,KPDX
3499,KSMX,KBUR
3500,KORD,KDFW
3501,KDTW,KSAN
3502,KJFK,OTHH
3503,OMDB,VIDP
3504,KORD,2IL3
3505,KSMF,KSEA
3506,KSNA,KLAS
3507,KORD,KATL
3508,KPHL,KDTW
3509,SPJC,EHAM
3510,KSEA,KPSP
3511,KSFO,KBUR
3512,KDTW,KBUF
3513,KMSP,KSTL
3514,KATL,KLAS
3515,KRSW,KMSN
3516,KPHL,KTYS
3517,KMSP,KCMH
3518,KSEA,KSMF
3519,KFAT,KSEA
3520,KGRB,KDTW
3521,VIDP,VIDN
3522,VHHH,OMDB
3523,KPHL,KALB
3524,KBWI,KDFW
3525,KDTW,KABE
3526,RJTT,KJFK
3527,OMDB,EDDF
3528,VOMM,VOBL
3529,KDEN,KSAT
3530,KDAL,KMKC
3531,KMSP,KBNA
3532,SBGR,KEWR
3533,OMDW,UUWW
3534,WBSB,VHHH
3535,KDTW,KLAS
3536,KATL,KIAD
3537,PANC,6AK3
3538,KORD,OMDB
3539,KSFO,KSMF
3540,CYYZ,CYOW
3541,KHOU,KSTL
3542,KORD,KATL
3543,KDTW,KORF
3544,KPDX,KSNA
3545,KDEN,KDAL
3546,KPHL,KBNA
3547,KMIA,KBNA
3548,KHOU,KSAT
3549,KCLT,KSDF
3550,NZGB,NZAA
3551,CYYZ,CNV9
3552,KDTW,KLAS
3553,CYMX,KCVG
3554,KSDF,KPHL
3555,CYYZ,CYVR
3556,KPHL,KRDU
3557,KPHX,KSDF
3558,KATL,KLAX
3559,KBOI,KOAK
3560,CA67,KLVK
3561,KMKC,KAPA
3562,VHHH,PANC
3563,KDEN,KORD
3564,EBLG,EGNX
3565,PANC,KBFI
3566,KSFO,50OR
3567,KDTW,KJFK
3568,KDAL,KHOU
3569,KHOU,KMDW
3570,KMIA,KMSP
3571,KBNA,KDAL
3572,KMHR,KRIR
3573,KMSP,KLGA
3574,EDDK,EGSS
3575,KMKE,KMSN
3576,PANC,98AK
3577,KPHX,KLAX
3578,KHOU,KBNA
3579,KLAS,KDFW
3580,KFLL,KBWI
3581,EBMB,LEMD
3582,CYYZ,CYYC
3583,RJTT,RJOO
3584,VOBL,VABB
3585,KMIA,KATL
3586,KPHL,KMCI
3587,CYYZ,CYUL
3588,CA07,KSAC
3589,KDTW,KEWR
3590,KMSP,KPHL
3591,KLAS,KMDW
3592,KDEN,KCMH
3593,KPHX,KMSP
3594,CYCD,CYYC
3595,KSTS,KLAX
3596,KDTW,KLAX
3597,KSFO,KPSP
3598,KMSP,KORD
3599,RJBB,RKSI
3600,KLAS,KBUR
3601,KAUS,KLAS
3602,VIDP,VOMM
3603,KXLL,7PN0
3604,NZAA,NZGB
3605,KHOU,KPHX
3606,KLAX,KDFW
3607,KMIA,KPNS
3608,KORF,KBNA
3609,KPHX,KMDW
3610,EDDK,EGNX
3611,SBGR,KDFW
3612,KFAT,KSDF
3613,KATL,KDEN
3614,KSMF,KLAX
3615,KORL,KPHL
3616,KOAK,KRIR
3617,KMSP,KMSN
3618,KPHL,KLAS
3619,KPSP,KMSP
3620,KTEB,KALB
3621,KSEA,KGEG
3622,KSDM,KCRQ
3623,KATL,KLAS
3624,KMSP,KBWI
3625,KORD,KMIA
3626,VOMM,VIDP
3627,KDTW,KTPA
3628,SBCO,SBGR
3629,KPHL,IN58
3630,KATL,KLGA
3631,KPHX,KSAN
3632,KOAK,KBUR
3633,KSFO,KBOI
3634,KPDX,KMSP
3635,KLAS,KDAL
3636,KONT,KSMF
3637,VAPO,VIDP
3638,RCTP,VHHH
3639,KSFO,KLAS
3640,KSAN,KPHX
3641,KBOS,EGLL
3642,UKKK,UMMS
3643,EDDP,EGNX
3644,KFTW,KSDL
3645,KSJC,KPHX
3646,VABB,VOBL
3647,KDTW,KDFW
3648,KDEN,KMSP
3649,KMSP,KBOS
3650,KDFW,KJFK
3651,KSDF,KDEN
3652,YPAD,YBBN
3653,YMMB,YBUP
3654,KHOU,KMCI
3655,VIDP,VABB
3656,KSAN,KSEA
3657,YSSY,NZAA
3658,KRDU,KDEN
3659,KDEN,KORD
3660,KBUR,KSJC
3661,KOAK,KLAS
3662,KSFO,KSLC
3663,KJFK,EGLL
3664,KBWI,KSDF
3665,KPHL,KSTL
3666,KDTW,KISM
3667,KDFW,KATL
3668,NZHN,NZCH
3669,KIAH,KLAX
3670,YMMB,YLEG
3671,KDEN,KBNA
3672,KFNL,KAPA
3673,VIDP,OMDB
3674,KSLC,KLAS
3675,EDDK,LEBL
3676,NZWN,NZCH
3677,KMIA,KBWI
3678,KBOS,KATL
3679,KDFW,KBNA
3680,KTYS,KSDF
3681,KCLT,K3G1
3682,KBOI,KSAN
3683,KIAH,KSAT
3684,KTPA,KDFW
3685,KPHL,KBKL
3686,EGNX,LEMD
3687,KSFO,KPDX
3688,CYYZ,CYXE
3689,YMML,YBBN
3690,MROC,LFPG
3691,KDAL,KLAS
3692,YPAD,YPPH
3693,KDEN,KIAD
3694,SKBO,SBGR
3695,KHOU,KDAL
3696,KDFW,KTUL
3697,KPHX,KSNA
3698,KORD,KSEA
3699,KLAS,KSEA
3700,KTPA,KDTW
3701,KPAO,KCCR
3702,SBCO,SBGR
3703,KATL,KSDF
3704,KSLC,KLAS
3705,KCLT,KPHL
3706,CYYZ,CHD4
3707,KORL,KPHL
3708,KJFK,KBOS
3709,KSEA,KRIR
3710,NZWN,NZHN
3711,KSDF,KMQY
3712,KPHL,OTHH
3713,SBGL,KMIA
3714,KLAS,KSAN
3715,KATL,KSEA
3716,KSNA,KSJC
3717,KOAK,KBOI
3718,KMIA,EGLL
3719,KORD,KMKE
3720,KSFO,KSAN
3721,KDFW,KM99
3722,KSMF,KLAX
3723,YPAD,YBBN
3724,KLAS,KSAN
3725,VOBL,VOMM
3726,KOAK,KRIR
3727,KSFO,KMFR
3728,KSPG,KSRQ
3729,KDFW,KHSV
3730,KSFO,KIZA
3731,KATL,KBWI
3732,CYVR,KSEA
3733,KTPA,KFLL
3734,CYYZ,CYXE
3735,KATL,KHOU
3736,KLAX,KSEA
3737,SBGR,KATL
3738,KMIA,KORF
3739,RJTT,RJOO
3740,YSCB,YBBN
3741,YPAD,YPPH
3742,KOAK,KSEA
3743,KDFW,KMKE
3744,KLAS,KVNY
3745,KIAH,KSAN
3746,KDFW,KSAF
3747,KPIT,KDUJ
3748,KLGA,KMSP
3749,KSFO,KSEA
3750,KATL,KSRQ
3751,NZAA,NZWR
3752,KPHL,KLAS
3753,KLAX,KLAS
3754,KSFO,KFAT
3755,KMIA,KJFK
3756,KDFW,KBMI
3757,CYYJ,CYVR
3758,KPHL,KBOS
3759,RCTP,VHHH
3760,KFLL,KMSP
3761,VAPO,VIDP
3762,KPHL,KDAY
3763,KPUB,KDEN
3764,KATL,KPHX
3765,KLAS,KSLC
3766,KDFW,CYYC
3767,EDDP,LFPG
3768,KTYS,KPDK
3769,VIDP,VOBL
3770,KPHX,KORD
3771,VABB,VOBL
3772,RCQC,RCKH
3773,KHWD,KVNY
3774,KMIA,KSFO
3775,KDFW,KDTW
3776,EBLG,OTHH
3777,KSNA,KOAK
3778,KPGV,KRWI
3779,VIDP,VOMM
3780,WMKK,WSSS
3781,RPLL,WMKK
3782,EDDK,LEMD
3783,KPHL,KMKE
3784,EBMB,LEBL
3785,KMIA,KDFW
3786,KDFW,KMSN
3787,KOAK,KPSP
3788,KLAS,KHOU
3789,KDEN,MT54
3790,EDDP,KJFK
3791,KPHX,CYYC
3792,KATL,KFLL
3793,YPJT,YSEN
3794,KDFW,KSMF
3795,VOBL,VOMM
3796,KSFO,KSEA
3797,KDFW,KSTL
3798,KPDX,KLAS
3799,KATL,EHAM
3800,KOAK,KPDX
3801,KPHL,KBUF
3802,KJYO,3VA7
3803,KPHX,KSEA
3804,KMIA,KDFW
3805,KGSO,KTEB
3806,EDDP,LEMD
3807,KVPS,KCVG
3808,KLAX,KABQ
3809,KDFW,KMCI
3810,KSMF,KRIR
3811,KSJC,KSEA
3812,KCLE,KSDF
3813,KPHX,KTUS
3814,KATL,KMIA
3815,KDEN,KBOI
3816,KLAS,KPDX
3817,NZCH,NZWN
3818,KPDX,KBOI
3819,PANC,KORD
3820,RJAA,RCTP
3821,KPHL,KSYR
3822,KBOI,KLAX
3823,KDFW,KTYS
3824,VIDP,VABB
3825,KDFW,KSAN
3826,KPHX,KMSN
3827,KORL,KDFW
3828,ULLI,UUEE
3829,KPHL,KORF
3830,KLAX,KDFW
3831,KATL,K9A4
3832,KOAK,KLGB
3833,KSAN,KPDX
3834,VIDP,VABB
3835,KMMU,KIAD
3836,EBLG,LIPE
3837,VABB,VOMM
3838,KMIA,KBOS
3839,ZGSZ,ZUCK
3840,EGSS,EBLG
3841,KONT,KSDF
3842,LFPG,LIMC
3843,KSFO,CYVR
3844,KPHL,KISP
3845,KPHX,KSLC
3846,KTPA,KSDF
3847,KIWA,KBLI
3848,KFLL,KSDF
3849,KMIA,KATL
3850,WBKK,WMKK
3851,PANC,KSEA
3852,EDDK,ESMS
3853,VHHH,RPLL
3854,KPHX,4IL3
3855,KDFW,KDEN
3856,KSJC,KLAS
3857,KATL,KSLC
3858,KMSP,KLAS
3859,KBOI,KGEG
3860,KMIA,KJFK
3861,KSFO,KTUS
3862,KMSP,KDCA
3863,KJFK,EHAM
3864,KDFW,KMIA
3865,LFPG,EDDV
3866,KDFW,KSAT
3867,KPHL,KSDF
3868,KTUL,KAFW
3869,KFLL,KDTW
3870,KXLL,55PA
3871,KPHX,KTUS
3872,RKSI,RCTP
3873,LFPG,ESSA
3874,KSMF,KBUR
3875,CYVR,KCVG
3876,KDEN,KABQ
3877,KSFO,KRIR
3878,KDEN,KBNA
3879,KJFK,LFPG
3880,KPHL,0VA3
3881,KDFW,KDAY
3882,KORL,KDEN
3883,YPPH,YBBN
3884,VIDP,OTHH
3885,KOAK,KSLC
3886,KPDX,KSDF
3887,KAUS,KLAX
3888,KLAX,KTUS
3889,EDDK,LIPZ
3890,NZNV,NZCH
3891,KPHL,KMDT
3892,YSSY,KSFO
3893,KFLL,KFXE
3894,KSNA,KSEA
3895,KPHX,KSMF
3896,KMSP,KBOI
3897,LFPG,LEMD
3898,VIDP,VAPO
3899,KLAS,KSMF
3900,PANC,6AK3
3901,KDEN,CYYC
3902,PANC,KORD
3903,KDEN,KTUS
3904,KPHX,KUTA
3905,VOMM,OTHH
3906,KSNA,KSLC
3907,EGNX,EDDK
3908,KMIA,KMCI
3909,KTUL,KSDF
3910,KPHX,KABQ
3911,KATL,KDAB
3912,KMSP,KPDX
3913,KSEA,KPDX
3914,VOBL,VIDP
3915,KLAS,KSDF
3916,KPHL,KROC
3917,NZPM,NZCH
3918,KDFW,KLAS
3919,KMDT,KSDF
3920,PANC,6AK3
3921,YMML,YSSY
3922,KPHX,KSAN
3923,KBOS,KSDF
3924,VHHH,RCTP
3925,CYYZ,EGLL
3926,KATL,KCMH
3927,KMIA,KLAS
3928,KDFW,75TE
3929,EBLG,ESSA
3930,YSSY,YMML
3931,EDDP,LEBL
3932,KSEA,KBOI
3933,KLAX,KSLC
3934,KLAS,KMSP
3935,KDFW,KABQ
3936,KPGD,KIAG
3937,KRFD,KSDF
3938,KGPI,KSEA
3939,KDEN,KPDX
3940,SKBO,SBGL
3941,RCQC,RCKH
3942,KMSP,KSEA
3943,KSMX,KLAS
3944,KMIA,KCVG
3945,KLGB,KSMF
3946,RJAA,RCTP
3947,KPHL,KATL
3948,VHHH,RCTP
3949,KDFW,KTUS
3950,VIDP,VAPO
3951,VABB,OMDB
3952,KPIT,KPHL
3953,KSFO,KSNA
3954,KATL,KBOS
3955,KORD,OMAA
3956,KBOI,KLAX
3957,KPDX,KSMF
3958,NZCH,NZAA
3959,RJOO,RJTT
3960,EDDK,LFPG
3961,KABQ,KUTA
3962,LFPG,EINN
3963,KDFW,KOMA
3964,KMSP,KBKL
3965,VECC,VOBL
3966,KPHX,KTUL
3967,KCLE,KPHL
3968,RJTT,RJBB
3969,KATL,KTUL
3970,KORD,KISM
3971,KBNA,KDEN
3972,KATL,KTYS
3973,VABB,VIDP
3974,KBOS,KPHL
3975,KJFK,KSDF
3976,KMIA,SBGR
3977,LFPG,EKCH
3978,KMSP,4WI4
3979,VOBL,VECC
3980,KPHL,EGLL
3981,EDDP,EHAM
3982,NZPM,NZAA
3983,KPHX,KBUR
3984,KLAS,KLAX
3985,NZCH,NZWN
3986,KSTL,KLAS
3987,KSEA,KLAS
3988,KMSP,KSFO
3989,LFPG,EDDK
3990,YSCB,YSSY
3991,YSSY,YBBN
3992,KSFO,KPHX
3993,OEDF,OEAH
3994,KDEN,KSFO
3995,KORL,KJFK
3996,EBBR,LIMC
3997,KPDX,KLAX
3998,VHHH,RCTP
3999,EDDK,LKPR
4000,NZRO,NZWN
4001,KMIA,KCVG
4002,KATL,KDTW
4003,KDEN,KMDW
4004,KRDU,KPHL
4005,SBGR,KMIA
4006,KBUF,KSYR
4007,KDTW,KRFD
4008,KPHX,KDFW
4009,YMEN,YPKL
4010,KJFK,EGLL
4011,RJTT,RJOM
4012,KOAK,KPHX
4013,KSEA,PANC
4014,KDFW,KLAX
4015,EDDP,LIMC
4016,KMIA,KSDF
4017,KMSP,KOMA
4018,KATL,KDCA
4019,KSFO,KLAX
4020,KPHX,KABQ
4021,KMHR,KSDF
4022,LFPG,EDDS
4023,KSYR,KPHL
4024,YBUN,YPJT
4025,EDDK,LPPR
4026,KDFW,KSNA
4027,EDDP,LZIB
4028,KSNA,KUTA
4029,KONT,KSEA
4030,YMMB,YTDN
4031,YMMB,YMEN
4032,CYYZ,CYOW
4033,KMDT,KRFD
4034,KSLC,KLAX
4035,KLAS,KSNA
4036,NZAA,NZCH
4037,KATL,KHSV
4038,KSFO,KSNA
4039,KILN,KRIR
4040,KDEN,KPAE
4041,KDFW,KMSP
4042,KMIA,SBGL
4043,KATL,KEWR
4044,KDFW,KORD
4045,KLAX,KSBP
4046,LFPG,EGBB
4047,EDDK,ESSA
4048,KPDX,KSEA
4049,YSSY,YNAR
4050,ZGSZ,ZUCK
4051,KATL,KCVG
4052,KPHL,KSDF
4053,KSFO,KLAX
4054,KLAS,KSNA
4055,RPLL,RCTP
4056,KDFW,MO49
4057,KPHX,KOAK
4058,KMIA,KLAX
4059,KOSU,KSTL
4060,KLAX,KSFO
4061,KATL,KORF
4062,KJZP,KRYY
4063,VOBL,VABB
4064,KDFW,TA37
4065,KMSP,KPHX
4066,EBLG,ESGG
4067,KLAX,KBOI
4068,CYYZ,CYVR
4069,KSFO,KLAX
4070,KLAX,KPHX
4071,KMIA,KPHL
4072,YLIL,YMNG
4073,KSMF,KPDX
4074,OMDB,EIDW
4075,KDTW,KLAS
4076,OBBI,OMDB
4077,KSJC,KPDX
4078,KMSP,KDEN
4079,YMMB,YBUP
4080,KATL,EGLL
4081,KSEA,CYVR
4082,KSAN,KSDF
4083,KDEN,KMSP
4084,KBUR,KOAK
4085,KOAK,KRFD
4086,KSMF,KLAS
4087,LFPG,VIDP
4088,KPHX,KSAT
4089,VIDP,VECC
4090,NZGB,NZAA
4091,EDDK,LDZA
4092,KAFW,KUTA
4093,KATL,KJFK
4094,KPSP,KSEA
4095,KLAS,KSFO
4096,KMSP,KTOB
4097,KPHX,KOMA
4098,KSBD,KDFW
4099,RJTT,RJOO
4100,KOAK,KVNY
4101,KEWR,KSDF
4102,EBLG,LIRA
4103,KDEN,KDFW
4104,KDFW,KPHL
4105,LFPG,EPWA
4106,VABB,VIDP
4107,KPSP,KPDX
4108,KFAT,KVIS
4109,YSCB,YPAD
4110,LFPG,LOWW
4111,KATL,KPHL
4112,KATL,EHAM
4113,KPHX,KLAS
4114,KOPF,KSUS
4115,YBCG,YSCB
4116,KBFI,KSDF
4117,KDTW,KBNA
4118,KMKE,KMSP
4119,VHHH,OMDB
4120,NZAA,NZGB
4121,KPHX,KSNA
4122,KDFW,KSDF
4123,KBUR,KSEA
4124,KLAS,KUTA
4125,ZUCK,ZGSZ
4126,VAPO,VOMM
4127,YRTI,YPJT
4128,KSYR,KSDF
4129,KSFO,KPSP
4130,EDDP,EGNX
4131,KPSP,KSFO
4132,KATL,KFLL
4133,PANC,KLAX
4134,YSSY,YMML
4135,VHHH,RPLL
4136,KDTW,KSDF
4137,KPHX,KSJC
4138,KORD,KDFW
4139,KDEN,KSNA
4140,EDDK,LOWW
4141,KBUR,KSDF
4142,KLAX,KLAS
4143,KLAS,KSAN
4144,KPDK,KOPF
4145,OBBI,OMDB
4146,KATL,KBWI
4147,KSTP,KMDW
4148,KOAK,KSAN
4149,VOBL,VOMM
4150,KSFO,50OR
4151,YCBG,YMML
4152,KMIA,SKMA
4153,KLAS,KSLC
4154,EDDK,LIME
4155,LTBA,VABB
4156,KSMF,KSNA
4157,LLBG,EHAM
4158,KIWA,KLAS
4159,LFPG,LSZM
4160,KPHX,KBUR
4161,YMML,NZAA
4162,KDEN,KSBP
4163,KDFW,KPHX
4164,YMMB,YMEN
4165,KONT,KSLC
4166,EDDK,OMDB
4167,KSEA,KPDX
4168,EBLG,LSZM
4169,KAPA,NC03
4170,KPHX,KLAX
4171,KATL,KMIA
4172,EDDP,LIPE
4173,ZGSZ,ZUCK
4174,KLGB,KOAK
4175,LLBG,LSZH
4176,KDTW,KDAY
4177,KVNY,KUDD
4178,KPHX,KMCI
4179,YMML,YMHB
4180,KMSP,KDFW
4181,KLAX,KUTA
4182,NZAA,NZRO
4183,KORD,KLAS
4184,VECC,OMDB
4185,EBLG,LTFJ
4186,KOMA,KPHX
4187,KATL,KRSW
4188,KDEN,KSMF
4189,SBBR,SBGR
4190,OEDF,OEAH
4191,KPHX,KSLC
4192,EKYT,EKVH
4193,SBKP,SKMA
4194,NZWN,NZPN
4195,KMIA,KEWR
4196,KMSP,KMCI
4197,KATL,KSDF
4198,VHHH,RCTP
4199,LFPG,EGSS
4200,KDEN,KISM
4201,EDDK,EIDW
4202,KFLL,KATL
4203,KPHX,KSAN
4204,EBMB,LFML
4205,EDDP,EDDK
4206,KDFW,KSDF
4207,OERK,OEDF
4208,NZCH,NZNV
4209,LLBG,EDDF
4210,KATL,KMSP
4211,OMDB,EHAM
4212,KSNA,KOAK
4213,KAUS,KLAS
4214,KLAS,KSMF
4215,KPHX,KSLC
4216,KSEA,KLAX
4217,KDEN,KSLC
4218,KSBD,KSDF
4219,EDDK,EPWA
4220,RPLL,WSSS
4221,KPHX,KLGB
4222,YSSY,YPAD
4223,EDDP,EKCH
4224,YBBN,YPAD
4225,KCGZ,KFFZ
4226,LFPG,OMDB
4227,KDEN,KFAT
4228,KSEA,KBOI
4229,KONT,KSDF
4230,KSFO,KSAN
4231,OMDB,LFPG
4232,KMSP,KLAX
4233,KEWR,KSDF
4234,YBMC,YMML
4235,YMML,YSWG
4236,KPHX,KSDF
4237,KATL,KSTL
4238,EDDP,EFHK
4239,LFPG,EHAM
4240,KHWD,KVNY
4241,KLAS,KSEA
4242,KDFW,KCVG
4243,LEMD,LEPA
4244,NZWN,NZCH
4245,NZNV,NZWN
4246,KATL,KSDF
4247,KMSP,KPHL
4248,KLGB,KSDF
4249,EBBR,LSZM
4250,LFPG,LEBL
4251,KLAS,KOAK
4252,VOBL,VOTP
4253,KDTW,KPHL
4254,KLHM,KAUN
4255,KPHX,KRIR
4256,RPLL,VHHH
4257,KRFD,KSDF
4258,KSEA,KSAN
4259,KFLL,KRDU
4260,KSFO,KLAX
4261,KLAX,KBOI
4262,KSMF,KSEA
4263,KATL,NC16
4264,LOWW,EDDP
4265,KSAN,KSMF
4266,KDEN,KLAS
4267,EBLG,EFHK
4268,YMML,YBCG
4269,KIAD,KSDF
4270,KDEN,KLAX
4271,KSJC,KSAN
4272,SBKP,KMIA
4273,KSAN,KLAS
4274,KPHX,KRIR
4275,KORF,KATL
4276,YMML,YBCG
4277,KPHX,KSMF
4278,KMKE,KSDF
4279,KATL,KVPS
4280,KPDX,KFAT
4281,YWLM,YSSY
4282,EETN,EVRA
4283,LLBG,LTFJ
4284,KJFK,LHBP
4285,EBLG,EDDB
4286,KDEN,KPHX
4287,KSAN,KSEA
4288,KABQ,KSDF
4289,EDDP,ESSA
4290,KOAK,KSDF
4291,OMDB,VECC
4292,EGNX,LFPG
4293,KBUR,KPHX
4294,LFPG,LTBA
4295,KPHX,KOAK
4296,SKBO,KJFK
4297,KSAN,KSFO
4298,OMDB,OEDR
4299,VOBL,VOMM
4300,KDEN,KPDX
4301,KSBD,KUTA
4302,CYUL,CSK5
4303,EDDP,LFRS
4304,LLBG,LTFJ
4305,KDFW,KSDF
4306,EDDK,EDDM
4307,KN14,KMIV
4308,KATL,KLAS
4309,KPHX,KUTA
4310,KATL,KORD
4311,RJBB,RCTP
4312,YSCB,YMML
4313,KDEN,KLAS
4314,RJTT,RJOO
4315,VOMM,VIDP
4316,CYMX,CYHM
4317,KOAK,KLAS
4318,EDDK,EDDB
4319,NZKE,NZWP
4320,LLBG,UKBB
4321,NZWP,NZSL
4322,KSEA,KGEG
4323,EDDP,EDDF
4324,YMMB,YMEN
4325,KONT,KOAK
4326,KPHX,KDFW
4327,KLAX,KSEA
4328,VHHH,RJBB
4329,VIDP,VOBL
4330,KATL,CYYZ
4331,KBWI,KSTL
4332,KEWR,KCVG
4333,CYUL,LFPG
4334,KSFO,VIDP
4335,OMDB,EGPG
4336,KDEN,KCOS
4337,KBUF,KSDF
4338,YSSY,NZAA
4339,NZAR,NZGB
4340,KBWI,KMIA
4341,KDFW,KUTA
4342,KALB,KEWR
4343,KPDX,KSAN
4344,KSEA,KSNA
4345,EDDK,UUWW
4346,YMML,OTHH
4347,KLAX,KFAT
4348,KLAS,KDFW
4349,KATL,KBNA
4350,RJOA,RJTT
4351,VHHH,PANC
4352,KSAN,KFAT
4353,KDEN,KHOU
4354,RCTP,VHHH
4355,KSEA,KOAK
4356,KLAX,KSDF
4357,OMDB,VABB
4358,NZAA,NZAP
4359,RJTT,RJOS
4360,EDDK,LSZM
4361,KONT,KDFW
4362,KATL,KRDU
4363,KSEA,PANC
4364,KSMF,KLGB
4365,EDDP,EBBR
4366,KORD,KLAS
4367,VABB,VOMM
4368,PANC,RCTP
4369,KDEN,KSMF
4370,KDEN,CYVR
4371,KPHX,KLAX
4372,KEWR,LIRF
4373,EBLG,EIDW
4374,KSJC,KBUR
4375,VIDN,VIDP
4376,YWOL,YBBN
4377,VHHH,PANC
4378,KDEN,KPSP
4379,LIRF,LIMC
4380,RKSI,EDDF
4381,KSMF,KSAN
4382,KSEA,KSJC
4383,KAUS,KSDF
4384,YMML,YBBN
4385,KATL,KLAX
4386,KDEN,KSNA
4387,EDDP,ENGM
4388,EBLG,EDDV
4389,YMMB,YTDN
4390,OMDB,VIDP
4391,YMML,YMHB
4392,KMSP,KSDF
4393,KPDX,KSLC
4394,KSFO,KCVG
4395,KSAN,KSFO
4396,KATL,KDFW
4397,KDEN,KSFO
4398,VABB,VOMM
4399,EDDK,LSZM
4400,KLAX,KPSP
4401,EBLG,LIMC
4402,RKSI,VHHH
4403,KATL,KPLR
4404,CYVR,CYYC
4405,YBCG,YMML
4406,RJBB,RCTP
4407,KDEN,KABQ
4408,SKBO,KIAD
4409,SBGR,OMDB
4410,23NJ,KPHL
4411,KLAX,KSFO
4412,KATL,KPHL
4413,KMIA,LEMD
4414,EDDP,LSZM
4415,YMMB,YMEN
4416,KMSN,KIND
4417,KLUK,KCMH
4418,KLAX,KPSP
4419,KSAT,KDFW
4420,KORD,KSDF
4421,8AK2,PANC
4422,KFWA,KSDF
4423,KABQ,KAEG
4424,KSFO,KSEA
4425,KPDX,KSJC
4426,NZWN,NZCH
4427,KLAS,KBOI
4428,KDEN,KSEA
4429,KSEA,KSAN
4430,KLAX,KPHX
4431,KATL,KAFW
4432,KLAX,KSMF
4433,VAPO,VIDP
4434,VABB,VOTP
4435,KSAT,KSDF
4436,KDEN,KSBA
4437,KSJC,KLAX
4438,OR40,OR28
4439,KATL,SPJC
4440,KRYY,KJZP
4441,KLGA,KMIA
4442,KBOI,KSEA
4443,KSEA,KSFO
4444,EBLG,EDDN
4445,KC77,KMDW
4446,RCQC,RCKH
4447,YPJT,YDVE
4448,KDEN,KSAN
4449,KSLC,KSDF
4450,LGAV,EHAM
4451,EDDP,EPWA
4452,KBUF,KPHL
4453,EGNX,KPHL
4454,LFPG,EGNT
4455,KDTW,KEWR
4456,KDEN,KSAF
4457,KLAX,KPDX
4458,RCTP,PANC
4459,LFPG,LFBO
4460,VECC,VABB
4461,LTFJ,LTAC
4462,EDDP,EDDF
4463,LROP,LFPG
4464,KSEA,KPHX
4465,KJFK,SPJC
4466,KMIA,KCVG
4467,KOAK,KSAN
4468,RJTT,RJBB
4469,KSNA,KLAS
4470,KDEN,KSEA
4471,LEPA,LEMD
4472,KLGB,KEMT
4473,WBKL,WMKK
4474,NZAA,NZCH
4475,YBBN,YMYB
4476,KATL,KDFW
4477,ZGSZ,ZUCK
4478,YPPH,YSSY
4479,YMML,YBBN
4480,NZCH,NZWN
4481,UAII,UAAA
4482,NZRO,NZCH
4483,YMMB,YTDN
4484,KSJC,KBOI
4485,OMDB,LEMD
4486,KSMF,KLAS
4487,KDEN,KBUR
4488,KLAX,KFAT
4489,KIAD,KEWR
4490,KPHX,KLAX
4491,UUWW,ULLI
4492,VECC,VIDP
4493,YSEN,YPJT
4494,YBCG,YSCB
4495,LLBG,EGLL
4496,KVNY,KSAN
4497,KPNE,KTTN
4498,KABQ,KPDX
4499,VIDP,VABB
4500,NZCH,NZAA
4501,VOMM,VECC
4502,RKSI,VHHH
4503,OMDB,EGLL
4504,EBLG,OMDB
4505,KDEN,KSJC
4506,KLAS,KBUR
4507,VABB,VIDP
4508,KBWI,KCVG
4509,KONT,4IL3
4510,KLAX,KFAT
4511,RCTP,ZGSZ
4512,KTPF,KFXE
4513,OTHH,ELLX
4514,KDEN,KSJC
4515,YMMB,YMEN
4516,YPPH,YMML
4517,VABB,VIDP
4518,KOAK,KLAX
4519,EBLG,LROP
4520,KMDT,KEWR
4521,EDDK,LIMC
4522,RJTT,RJOO
4523,KRDG,KLUK
4524,EDDP,LSGG
4525,UUWW,OMDW
4526,KHSV,KSDF
4527,LFPG,EGNX
4528,KLCK,KSDF
4529,YBCG,YMML
4530,RJOO,RJTT
4531,YBBN,YPPH
4532,VIDP,VOMM
4533,YSSY,NZAA
4534,KBWI,KEWR
4535,KBOS,KEWR
4536,KLAS,KSLC
4537,KDEN,KORD
4538,UUEE,ULLI
4539,KPHX,KCOS
4540,KSAT,KLAS
4541,KDTW,KALB
4542,KSAN,KSFO
4543,EDDK,KEWR
4544,KRFD,KSDF
4545,KEWR,KSDF
4546,KVNY,KSNA
4547,UKBB,EHAM
4548,KUES,KPWK
4549,KPHX,KSEA
4550,KOAK,KAFW
4551,EBLG,LFML
4552,VOBL,VIDP
4553,KLAX,KPHX
4554,KMSP,KCVG
4555,YMML,YSDW
4556,VHHH,VHSK
4557,KC29,KMRJ
4558,RJOA,RJTT
4559,KJFK,OMDB
4560,KBNA,KEWR
4561,EDDP,UKBB
4562,KFLL,KLAX
4563,NZWN,NZCH
4564,VOBL,VABB
4565,KSYR,KEWR
4566,EBLG,LIPZ
4567,KONT,KAFW
4568,KMIA,SKMA
4569,VOMM,VOBL
4570,VIDP,VOBL
4571,KJFK,KCVG
4572,KLAS,KPHX
4573,EDDP,EDDM
4574,KBWI,KEWR
4575,YMML,YPAD
4576,CYVR,CYXE
4577,KSEA,KLAS
4578,KBOS,KCVG
4579,KOSU,KPWK
4580,KIAH,KUTA
4581,KSLC,KOAK
4582,KJFK,KORD
4583,KSEA,KPDX
4584,EDDP,LIPZ
4585,VOMM,OMDB
4586,VIDP,VIDN
4587,KDFW,KLAS
4588,RJTT,RJBB
4589,OMDB,ENGM
4590,KSTL,KSDF
4591,KLAX,KBOI
4592,YPPH,YBBN
4593,RCTP,RKSI
4594,KFLL,KPHL
4595,EBLG,EGNX
4596,KDFW,KSGF
4597,KSEA,KLAS
4598,NZGB,NZAA
4599,VOBL,VECC
4600,KLVK,63CN
4601,RJTT,RJOA
4602,OMDB,LFPG
4603,SPJC,KMIA
4604,KSGF,KSDF
4605,KOMA,KSDF
4606,VAPO,VIDP
4607,UUDD,EDDF
4608,KSJC,KSDF
4609,KBWI,KEWR
4610,KDFW,KSDF
4611,EBLG,EPWA
4612,KTUL,KUTA
4613,KPAO,KCCR
4614,KLAX,KMSP
4615,EKBI,EDTB
4616,KORD,EPWA
4617,NZAA,NZGB
4618,KPDX,KSFO
4619,OMDB,EHAM
4620,CYYZ,EPWA
4621,KJFK,KSDF
4622,EDDP,LIME
4623,KSLC,KLAX
4624,KSEA,KBOI
4625,KVNY,KSDL
4626,YMML,YBBN
4627,KRDG,KORH
4628,CYVR,CYYJ
4629,KONT,KSDF
4630,PANC,KBFI
4631,KIAG,KAGC
4632,OMDB,KBOS
4633,UKBB,EDDF
4634,UAAA,OMDB
4635,KIAD,KBUY
4636,YMML,YBCG
4637,YBBN,YSSY
4638,KSAT,KDAL
4639,KLAX,EGLL
4640,CYYZ,CYUL
4641,KSFO,NZAA
4642,KLAX,KSEA
4643,KMSP,KMKE
4644,KTEB,KHPN
4645,KDFW,KORD
4646,KSEA,PANC
4647,NZRO,NZAA
4648,YRED,YWSG
4649,KLAX,KUTA
4650,YMMB,YMEN
4651,YSSY,YSWG
4652,KLAS,KLAX
4653,EDDP,LIRA
4654,KDEN,KLAX
4655,KFLL,KDFW
4656,KORD,KPHL
4657,VIDP,OMDB
4658,YBBN,YMML
4659,YBSS,YCAL
4660,KDEN,KLAX
4661,KLAX,RKSI
4662,WBKK,WMKK
4663,ULMM,ULLI
4664,YMMB,YTDN
4665,EBLG,EGPH
4666,KMIA,MGGT
4667,VECC,VOBL
4668,NZWN,NZPM
4669,EDDK,KPHL
4670,NZWP,NZKF
4671,KSFO,KSEA
4672,UAAA,VHHH
4673,KATL,KSDF
4674,EPKK,EPWA
4675,RKSI,EDDF
4676,6NJ9,KCVG
4677,KSAN,KLAS
4678,KDEN,KDFW
4679,EBLG,EGSS
4680,VIDP,VAPO
4681,KLAX,KBOS
4682,RJOO,RJTT
4683,KLAS,KSJC
4684,KLAX,KSFO
4685,YPPH,YBBN
4686,OTHH,SBGR
4687,KSAN,KOAK
4688,KHOU,KIWS
4689,KSKA,KSEA
4690,CYVR,CYYC
4691,YTDN,YMMB
4692,YSSY,YWLM
4693,KJFK,KLAX
4694,RPLL,VHHH
4695,EPGD,EPWA
4696,LROP,LEMD
4697,OMDB,LSZH
4698,VOBL,VOMM
4699,VIDP,VOMM
4700,KSRQ,KBOS
4701,NZTG,NZWN
4702,YBBN,YPAD
4703,KDEN,KSLC
4704,KPHX,KCVG
4705,FAOR,FACT
4706,KSAN,KLAS
4707,KPHL,KMIV
4708,SPJC,KFLL
4709,OTHH,LTAC
4710,KSDF,NC03
4711,KGSO,KSDF
4712,RJTT,RJOS
4713,KSEA,CYYC
4714,EDDP,EDDS
4715,KORD,PANC
4716,OMDB,OMDW
4717,EBLG,LPPR
4718,NZWN,NZCH
4719,RJTT,RJOO
4720,KLAX,KSJC
4721,CYYC,CKL9
4722,SPJC,KFLL
4723,LTFJ,LTAC
4724,KORD,KATL
4725,WMKK,WBKK
4726,VABB,VIDP
4727,EGNX,EGAA
4728,YPAD,YSCB
4729,KAUS,KAFW
4730,KMSP,KLAS
4731,LIMC,ELLX
4732,EBLG,LEBL
4733,EDDP,EPKT
4734,EIDW,KORD
4735,KLAX,KSLC
4736,NZCH,NZPM
4737,YMML,YPAD
4738,UUDD,EDDF
4739,OMDB,KJFK
4740,VHHH,WSSS
4741,KSEA,KPHX
4742,YPPH,YPAD
4743,KJFK,CYHM
4744,CYYC,CYYJ
4745,EDDP,EKBI
4746,RKSI,KSEA
4747,KFCM,KAPA
4748,KSFO,WSSS
4749,UUWW,ULLI
4750,YTYA,YMMB
4751,EDDV,EDDB
4752,WSSS,WBSB
4753,KLAX,RPLL
4754,CYYC,CYXE
4755,OMDB,LTFJ
4756,LROP,EBCI
4757,VAPO,VIDP
4758,EDDP,LIMC
4759,PANC,RKSI
4760,KPHX,KLAX
4761,KSAT,KAFW
4762,KDTW,KCVG
4763,YBBN,YPPH
4764,NZAA,NZCH
4765,OTHH,EGCC
4766,EDDK,EDDM
4767,EDDP,LJLJ
4768,RKSI,OTHH
4769,YSBK,YWLX
4770,KSEA,KOAK
4771,KDEN,KTUS
4772,YTDN,YMMB
4773,KGEG,KPDX
4774,OTHH,EGPH
4775,KBUR,KHHR
4776,NZCH,NZAA
4777,VOBL,VIDP
4778,YMMB,YWON
4779,SKBO,KJFK
4780,EDDP,LKMT
4781,YWLM,YBCG
4782,KSDF,KOSU
4783,RKSI,VHHH
4784,KSFO,KSBP
4785,KDEN,KOAK
4786,YBBN,WSSS
4787,KPHL,3PA9
4788,UUEE,UWSS
4789,VIDP,VABB
4790,KCLE,KFLL
4791,LTAC,LTFJ
4792,SBGR,OMDB
4793,KLAX,KCVG
4794,OTHH,ENGM
4795,YSSY,YSCH
4796,YMEN,YLTV
4797,KATL,KDTW
4798,RCQC,RCKH
4799,EGGW,EGNX
4800,CYYC,CYQQ
4801,KLAX,KAFW
4802,YMML,YWLM
4803,SPJC,KMIA
4804,ULLI,UUWW
4805,OTHH,KLAX
4806,YMMB,YCES
4807,YBBN,YSCB
4808,KTUL,KAFW
4809,YMEN,YYEA
4810,KATL,NC03
4811,LIMC,ELLX
4812,PANC,6AK3
4813,KJFK,LLBG
4814,OMDB,EDDF
4815,VHHH,WMKK
4816,KDEN,KOMA
4817,KMDW,KMSP
4818,KSLC,KLAS
4819,KPSP,KPAE
4820,YPPH,YMML
4821,KSFO,KJFK
4822,CYYC,CYKA
4823,KLAS,KDFW
4824,KJFK,SPJC
4825,EDDB,LSGG
4826,YSSY,VHHH
4827,EDDK,EGNX
4828,ZGSZ,WMKK
4829,VIDP,VIDN
4830,KMIA,KEWR
4831,VABB,OMDB
4832,ESMS,ENGM
4833,OTHH,LEBL
4834,RJBB,RCTP
4835,KPDX,KLAX
4836,RCTP,VHHH
4837,EETN,EDDF
4838,YSWG,YNAR
4839,LFPG,LFRN
4840,YMML,YSSY
4841,EDDP,VHHH
4842,PANC,KSDF
4843,YSSY,YBBN
4844,RCTP,PANC
4845,UUDD,ULLI
4846,KSEA,KLAX
4847,YSSY,YSTW
4848,KSMF,KLAS
4849,KTPA,KFXE
4850,LFBD,EHAM
4851,KLAX,VHHH
4852,EGNX,EIDW
4853,ELLX,EHAM
4854,RCTP,VHHH
4855,VABB,OMDB
4856,YTDN,YMMB
4857,CYYC,CYHM
4858,KSEA,KLAX
4859,OTHH,ENGM
4860,KLAX,KPDX
4861,OMDB,OBBI
4862,VIDP,VECC
4863,YPPH,YBCG
4864,ENBO,ENVA
4865,YSSY,YMML
4866,YHBA,YBBN
4867,9IN9,KSDF
4868,TJIG,KFLL
4869,VABB,VIDP
4870,NZCH,NZWN
4871,OTHH,EGLL
4872,KDEN,KPHX
4873,KMIA,EHAM
4874,WMKK,WBKK
4875,RCTP,KSFO
4876,OMDB,LIMC
4877,EGNX,EGAA
4878,PANC,40AK
4879,KORD,SBGR
4880,VHSK,VHHH
4881,LEMD,EHAM
4882,OTHH,EDDM
4883,VABB,VOBL
4884,LKPR,LHBP
4885,RCTP,VMMC
4886,LFBD,LFPG
4887,LOWW,LLBG
4888,KORL,KMCI
4889,VOTP,VIDP
4890,CYYC,CYCD
4891,RJAA,RCTP
4892,VABB,OMDB
4893,KLAX,KSLC
4894,VOBL,VABB
4895,EPWA,EGGW
4896,LFRS,LFPG
4897,YSSY,YBBN
4898,LIRF,EHAM
4899,EBMB,LEMG
4900,OMDB,EGLL
4901,NZWN,NZPN
4902,KDFW,KEWR
4903,KORD,KSDF
4904,RCTP,WSSS
4905,KLAX,NZAA
4906,RKSI,EDDF
4907,RJOO,RJTT
4908,KDEN,KAFW
4909,OTHH,EHAM
4910,WSSS,RCTP
4911,KJFK,PANC
4912,EPKK,EGGW
4913,VIDP,VABB
4914,5NC3,KIGX
4915,RPLL,RCTP
4916,KORD,KAFW
4917,EIDW,KIAD
4918,NZAA,NZCH
4919,OMDW,RCTP
4920,ZGSZ,RKSI
4921,YBBN,YMML
4922,ESGG,EKCH
4923,KSNA,KVNY
4924,LPPT,EHAM
4925,KMDW,KBWI
4926,RKSI,PANC
4927,VIDP,VAPO
4928,KATL,KAFW
4929,KDEN,KMSN
4930,VOBL,OERK
4931,KORD,NC63
4932,EKCH,ESGG
4933,RJBB,RJTT
4934,LIPZ,LIRA
4935,KDEN,KBOI
4936,VIDP,VABB
4937,NZGB,NZAA
4938,OTHH,LIMC
4939,YPAD,YBBN
4940,RJAA,RKSI
4941,KDTW,KRSW
4942,ESMS,ESSA
4943,NZNV,NZCH
4944,RKSI,EHAM
4945,OTHH,KDFW
4946,WMKK,VHHH
4947,LROP,EIDW
4948,EDDS,EPKT
4949,VECC,VIDP
4950,LFBO,EHAM
4951,EKCH,LFPG
4952,RJTT,RJOO
4953,KDEN,KSEA
4954,ENGM,EKCH
4955,YCBG,YMML
4956,23NJ,KPHL
4957,EVRA,ENGM
4958,FACT,FALA
4959,KGSO,KCVG
4960,KTUS,KPHX
4961,KSFO,KBOS
4962,KCRQ,KSNA
4963,RPLL,OBBI
4964,KLAX,EGLL
4965,NZCH,NZRI
4966,EVRA,EETN
4967,ESGG,ESSA
4968,ESPA,ESSA
4969,CYYC,CYVR
4970,OTHH,ESSA
4971,RKSI,KLAX
4972,YSSY,WSSS
4973,LLBG,UUEE
4974,KLAX,KSEA
4975,NZWN,NZHN
4976,YTYA,YMMB
4977,LIMC,OTHH
4978,KSAN,KBOS
4979,NZCH,NZAA
4980,KDFW,KUTA
4981,LKPR,EHAM
4982,KLAX,KJFK
4983,OTHH,LSZH
4984,EGNX,EGPH
4985,ESGG,EDDF
4986,KJFK,RCTP
4987,KLAX,KSFO
4988,KPDK,K3J7
4989,OTHH,KORD
4990,LSZM,EHAM
4991,EDDB,EHAM
4992,KBUR,KOAK
4993,YBCG,YRED
4994,VOBL,VIDP
4995,ESGG,EKBI
4996,KPIA,KSDF
4997,KPDX,KOAK
4998,KSFO,KLAX
4999,EDDS,EHAM
5000,YMMB,YYEA
5001,YMML,YBBN
5002,ESSA,EKCH
5003,EDDP,LIMC
5004,ESNZ,ESSA
5005,OTHH,LEMD
5006,KSLC,KSJC
5007,UUWW,ULLI
5008,LIMC,LICJ
5009,EPKT,EGGW
5010,KSFO,KLAS
5011,KJFK,KBOS
5012,OERK,OMDB
5013,EGBB,EGCC
5014,FAOR,FACT
5015,EGNX,EGJB
5016,LHBP,EHAM
5017,EDDP,OBBI
5018,KORD,PANC
5019,RJBB,RJAA
5020,KSEA,KRIR
5021,OTHH,LIRF
5022,KLAX,KOAK
5023,WMSA,WMKJ
5024,EDDV,ENGM
5025,KSEA,KGEG
5026,OTHH,EKCH
5027,NZAA,NZPM
5028,LFML,LFBD
5029,KLAX,KPDX
5030,YMML,YBBN
5031,EGNX,BIKF
5032,KSTL,KOSU
5033,ESSA,LFPG
5034,EPGD,EHAM
5035,ZGSZ,ZUCK
5036,KPHX,KJFK
5037,EFHK,EFOU
5038,RCQC,RCNN
5039,YMML,YPPH
5040,UUEE,UWKD
5041,VIDP,OMDB
5042,EDDN,LHBP
5043,AL16,KBNA
5044,YPAD,YSSY
5045,KSMF,KJFK
5046,VOBL,VABB
5047,KDEN,KPDX
5048,KSEA,KGPI
5049,OTHH,KJFK
5050,LFST,LFBO
5051,EGNX,EGPH
5052,YBBN,YMML
5053,KFLL,KTPA
5054,KLAX,KBOS
5055,KVGT,K61B
5056,RJAA,RCTP
5057,EFHK,EETN
5058,YGYM,YCDR
5059,YPAD,YMEN
5060,YBBN,YCBG
5061,NZCH,NZHN
5062,LIPE,EHAM
5063,RCTP,RKSI
5064,OTHH,RPLL
5065,EPGD,EETN
5066,KLAX,KSMF
5067,YMML,YSSY
5068,EVRA,EIDW
5069,LIPZ,EHAM
5070,LFRS,LFML
5071,KDEN,KSDF
5072,LFBO,LFPO
5073,KSEA,KSMF
5074,RJOO,RJTT
5075,YPJT,YDVE
5076,KLAX,KRDU
5077,VHHH,RCTP
5078,OTHH,KIAD
5079,YMML,YSCB
5080,ESSA,EDDF
5081,LYBE,LFPG
5082,EVRA,EDDF
5083,YWLX,YSBK
5084,LHBP,EDDF
5085,EKCH,ENGM
5086,LFPG,GMMN
5087,KSFO,KJFK
5088,NZWN,NZCH
5089,OMDB,VABB
5090,PANC,RKSI
5091,YWLM,YSCB
5092,KDEN,KSFO
5093,LIME,LIBR
5094,NZCH,NZPM
5095,RCTP,RPLL
5096,EVRA,LIMC
5097,KSEA,KPDX
5098,KDTW,RKSI
5099,RJTT,RJOO
5100,NZKF,NZWP
5101,LDZA,EDDF
5102,RKSI,EDDF
5103,OTHH,LTFJ
5104,KSEA,KBOI
5105,UUEE,ULLI
5106,VHHH,WSSS
5107,LFQQ,LFBO
5108,KSAN,KBOI
5109,VABB,VIDP
5110,EVRA,EHAM
5111,EFHK,EHAM
5112,YPPF,YLYK
5113,VECC,VIDP
5114,RJBB,RPLL
5115,VOBL,OMDB
5116,YCES,YMMB
5117,EDDP,LHBP
5118,KSEA,KLAX
5119,LMML,EGLL
5120,LOWW,LIRF
5121,OTHH,LFPG
5122,KLAX,KLAS
5123,KTPA,KFXE
5124,LEMD,EDDP
5125,ESSA,EHAM
5126,NZKF,NZWP
5127,LIPE,LIBR
5128,KATL,KEWR
5129,EKYT,EHAM
5130,OMDB,UKBB
5131,KDEN,KSAN
5132,LTAC,LTFJ
5133,YMML,WSSS
5134,ESGG,EHAM
5135,KLAX,KEWR
5136,OTHH,EDDF
5137,KFLL,MROC
5138,RCTP,PANC
5139,UMMS,UKBB
5140,ESSA,ENGM
5141,KLAX,KSEA
5142,EIDW,CYYZ
5143,KSLC,KSAN
5144,KSEA,KGEG
5145,ENGM,EDDF
5146,NZCH,NZAA
5147,KLAX,RKSI
5148,YBBN,YMML
5149,LIME,LIPE
5150,KBUY,KIAD
5151,OTHH,EPWA
5152,LYBE,EBBR
5153,KSEA,KPDX
5154,EBCI,LFML
5155,VOBL,VIDP
5156,KTTN,KPNE
5157,EKCH,LSZH
5158,FAOR,FACT
5159,VAPO,VIDP
5160,KBUR,KWHP
5161,KSEA,CYVR
5162,SBGR,KMIA
5163,LTAC,LTFJ
5164,KEWR,LIMC
5165,KSDF,KDFW
5166,VIDN,VIDP
5167,KOSU,KPWK
5168,LIMC,LIBD
5169,VOBL,VABB
5170,KSLC,KPSP
5171,NZAA,NZOI
5172,PANC,KORD
5173,EPKK,EGBB
5174,YMML,YBCG
5175,YCBG,YMML
5176,KFBG,KIGX
5177,RCQC,RCKH
5178,KSAN,KEWR
5179,KSDF,4IA2
5180,KSEA,KSFO
5181,KLAS,KSLC
5182,RKSI,VHHH
5183,PAEN,PANC
5184,SKBO,KMIA
5185,EGSS,EIDW
5186,KLAS,KFLL
5187,KSAN,KIAD
5188,KPHX,KLAS
5189,RJBB,VHHH
5190,EFHK,LFPG
5191,RKSI,RJBB
5192,KDEN,KCVG
5193,OMDB,EGLL
5194,VIDN,VIDP
5195,KAPA,KSUS
5196,KSEA,KBOS
5197,KSDF,KPHL
5198,LSGG,LPPT
5199,LFML,LFPG
5200,KSFO,RPLL
5201,UUDD,UWKD
5202,ESSA,UUWW
5203,SBGR,OTHH
5204,YSSY,YSTW
5205,KAFW,KUTA
5206,KSEA,PANC
5207,KORD,KCVG
5208,KSJC,KPDX
5209,LIMC,EHAM
5210,KORH,KTEB
5211,LBWV,EDJA
5212,FAOR,FACT
5213,RKSI,ZGSZ
5214,KSEA,KGEG
5215,LFQQ,LFML
5216,KSLC,KSFO
5217,VHHH,RCTP
5218,KIAD,KFRG
5219,EKCH,ENZV
5220,VABB,WSSS
5221,EPKT,EDDK
5222,LFPG,EGSS
5223,OTHH,ELLX
5224,KSEA,KPDX
5225,KLAS,KEWR
5226,EDDH,LOWW
5227,KDEN,KSLC
5228,SBGR,SBGL
5229,EGGW,LZKZ
5230,KSLC,KBOI
5231,EGSS,LEMG
5232,LSZH,EHAM
5233,RJAA,RKSI
5234,VOMM,VABB
5235,KPWK,KOSU
5236,LIPE,LICJ
5237,YSSY,YPPH
5238,LIMC,OTHH
5239,ENGM,ENZV
5240,EDDF,EHAM
5241,KORD,KAFW
5242,KVNY,KLAS
5243,WSSS,ZGSZ
5244,LFBO,LPPR
5245,LEZL,LEBL
5246,ENVA,ENBO
5247,EBMB,EDDF
5248,RKSI,VHHH
5249,EKCH,EHAM
5250,EGLL,LSZH
5251,NZCH,NZNV
5252,VOBL,VECC
5253,EDDV,EHAM
5254,KMDQ,KPDK
5255,ESSA,EFHK
5256,ENZV,ENGM
5257,NZAA,NZCH
5258,TJSJ,KJFK
5259,EDDL,EHAM
5260,KSEA,KBOI
5261,EDDP,EBBR
5262,RJTT,RJOM
5263,ENGM,ESSA
5264,KORD,KEWR
5265,RKSI,EDDF
5266,EDDW,EHAM
5267,EVRA,UUWW
5268,CYYZ,VHHH
5269,KHOU,KDAL
5270,KSUS,KMKC
5271,OTHH,LEZG
5272,ENBR,ENGM
5273,EKCH,EDDF
5274,EGLL,LPPT
5275,KLAX,KJFK
5276,LEMD,LIRF
5277,YSWG,YSSY
5278,ZGSZ,ZUCK
5279,EPWA,OMDW
5280,EGCC,EHAM
5281,NZAA,NZGB
5282,EVRA,ULLI
5283,FAOR,FACT
5284,LEMD,EDDM
5285,VOMM,VABB
5286,WSSS,RCTP
5287,EETN,ESSA
5288,KIGX,KSOP
5289,YPAD,YMML
5290,NZCH,NZAA
5291,EGNX,EGAA
5292,KSLC,KOAK
5293,RJOO,RJTT
5294,KMIA,SPJC
5295,LFPO,LEMG
5296,KLAX,KSJC
5297,UUWW,ULLI
5298,YBCG,YMML
5299,KPHL,KN14
5300,LEMH,LEMD
5301,YSSY,RPLL
5302,RJBB,RJTT
5303,OTHH,EGLL
5304,LEMG,EDDF
5305,YSWG,YSSY
5306,VAJJ,VOMM
5307,KATL,KCVG
5308,EFHK,EDDF
5309,LEMD,LEMG
5310,VHHH,RKSI
5311,EGBB,EHAM
5312,UUWW,EVRA
5313,ENVA,ENZV
5314,LTFJ,LTFE
5315,PANC,KLAX
5316,YRTI,YPJT
5317,WMKK,OMDB
5318,EHAM,ESSA
5319,LEMD,EDDF
5320,LFPB,LSGG
5321,KSFO,KJFK
5322,NZPM,NZPP
5323,YMML,YBCG
5324,LEMD,LEBL
5325,CYHM,CYYC
5326,OMDB,EGLL
5327,EDDH,EDDF
5328,YMML,YPPH
5329,LYBE,EDDF
5330,LFPO,LPPT
5331,LIPZ,EDDF
5332,PANC,RKSI
5333,EDDB,LIMC
5334,KSEA,KJFK
5335,EDDP,RKSI
5336,RJTT,RJOO
5337,RJTT,RJTL
5338,KSEA,KATL
5339,LFPO,LFML
5340,YWLM,YBBN
5341,LFPG,LFBD
5342,EDDL,EDDM
5343,SKBO,KFLL
5344,KPHL,KALB
5345,YMML,YPAD
5346,OERK,OMDW
5347,YBCG,YMML
5348,KONT,KOAK
5349,LEMD,LEIB
5350,KDEN,KLAX
5351,VHHH,RJTT
5352,EDDF,LFPG
5353,LEMG,LEBL
5354,KLAX,KFLL
5355,LSGG,EHAM
5356,KSLC,KRIR
5357,YTYA,YMMB
5358,OMDB,VOBL
5359,KEWR,KBWI
5360,ESGG,EPWA
5361,KJFK,OTHH
5362,KBWI,KORD
5363,UUWW,ULLI
5364,EKYT,EKCH
5365,VHHH,WSSS
5366,LIML,LIRF
5367,OMDB,WSSS
5368,EDDM,EDDF
5369,EIDW,EHAM
5370,FAOR,FACT
5371,WMKK,RCTP
5372,CYHM,CYVR
5373,LFML,LFPO
5374,VOMM,VIDP
5375,YBBN,YSSY
5376,VHHH,RJAA
5377,KSDF,KPHL
5378,KMKC,KDAL
5379,YPAD,YSSY
5380,EGSS,EDDK
5381,EPWA,EHAM
5382,LFML,LMML
5383,LKPR,LSZH
5384,KSAN,KFLL
5385,KDEN,KLAS
5386,LEMD,LFPO
5387,KRFD,KRIR
5388,LOWW,LLBG
5389,EPWA,EDDM
5390,YBBN,YSSY
5391,LFPG,GMMN
5392,KSDF,KRFD
5393,UUEE,ULLI
5394,EDDM,EHAM
5395,ULLI,UUWW
5396,RPLL,WSSS
5397,RJTT,RJOA
5398,LEMD,EHAM
5399,KLAX,KATL
5400,ESGG,EPGD
5401,NZPM,NZAA
5402,EDDL,LOWW
5403,LFPG,EHAM
5404,RJBB,RJTT
5405,LFML,LMML
5406,EPWA,EBBR
5407,EIDW,BIKF
5408,WSSS,RPLL
5409,EFHK,EHAM
5410,YBBN,YSCB
5411,CYHM,CYYC
5412,ULLI,ULMM
5413,KLAX,ELLX
5414,EBMB,EHAM
5415,NZWN,NZCH
5416,KSFO,KDTW
5417,RCTP,RJAA
5418,KBUF,KTEB
5419,NZCH,NZWN
5420,LIML,EDDF
5421,VOMM,VIDP
5422,EHRD,LSZH
5423,LFBO,LFPG
5424,LTFJ,LOWW
5425,EIDW,LFPG
5426,KLAX,KFLL
5427,VHHH,RPLL
5428,EGAC,EGCC
5429,YSCB,YMML
5430,KPHX,KJFK
5431,LEMD,LEPA
5432,RJOA,RJTT
5433,LTBA,UKBB
5434,KDEN,KRIR
5435,LIPZ,LJLJ
5436,VOTP,VABB
5437,KLAX,MGGT
5438,LEMD,LFBO
5439,RJTT,RJBB
5440,KSDF,KRDU
5441,EIDW,EINN
5442,K4D0,KDTW
5443,LFPO,LFBO
5444,EGCC,LFPG
5445,YKEL,YSSY
5446,KILN,KRIR
5447,YSCH,YSBK
5448,KLAX,SPJC
5449,KSFO,KBOS
5450,KDEN,KSAN
5451,RJOA,RJAA
5452,KSAN,KMIA
5453,SKBO,KDFW
5454,YTYA,YMMB
5455,ELLX,LFPG
5456,LEMD,EGKK
5457,EPWA,EDDL
5458,EGLL,EHAM
5459,KLAX,KRDU
5460,SKBO,KMIA
5461,LYBE,LIMC
5462,VHHH,WBSB
5463,LPPR,LSZM
5464,LEMD,LFPO
5465,YBBN,YMML
5466,KSEA,KMCO
5467,UAAA,VHHH
5468,LIRA,EKCH
5469,LOWW,LHBP
5470,LPPT,LEMD
5471,RJOO,RJTT
5472,LEIB,LEPA
5473,KDFW,KPHX
5474,KMGW,WV65
5475,LEMD,LPPT
5476,EPWA,EDDF
5477,WSSS,VHHH
5478,YSTW,YSSY
5479,EDDP,EHAM
5480,CYVR,CYYZ
5481,OMDB,WMKK
5482,LPPR,LPPT
5483,LEMD,LIMC
5484,KPTK,KDPA
5485,VOBL,VECC
5486,VABB,VIDP
5487,EDDK,LEPA
5488,VHHH,PANC
5489,EPWA,LSZH
5490,KPDX,KBOI
5491,KVNY,KBUR
5492,LEMD,LFML
5493,KSAN,KDTW
5494,PANC,67KY
5495,KIAG,KPGD
5496,VABB,VOMM
5497,VIDP,EDDP
5498,EGLL,LFPG
5499,EDDK,LEPA
5500,KHEF,KBWI
5501,EBMB,EGCC
5502,OTHH,VOBL
5503,ULLI,UUWW
5504,KLAS,KPHL
5505,UUEE,ULMM
5506,EPWA,LIMC
5507,NZCH,NZAA
5508,WSSS,RJBB
5509,LEMD,LEBL
5510,EDLW,EPSY
5511,YSTW,YSBK
5512,ZGSZ,ZUCK
5513,LOWW,EDDF
5514,37CN,KOAK
5515,YBBN,YCBG
5516,VOBL,VIDP
5517,KSEA,KPDX
5518,KORD,UUEE
5519,KSLC,KBOS
5520,LFBO,LPPT
5521,SBGR,SSJC
5522,KLAS,KATL
5523,EPWA,LFPG
5524,YMML,YCBG
5525,LEMD,LEBL
5526,YPAD,YBBN
5527,OERK,VIDP
5528,EGPF,EHAM
5529,VIDP,VOMM
5530,EPWA,LSGG
5531,ENGM,ENZV
5532,NZWP,NZWJ
5533,LFPO,LPPT
5534,KLAX,KBOS
5535,LFPG,EGCC
5536,RCQC,RCKH
5537,ENGM,ENVA
5538,NZAA,YSSY
5539,VOMM,VABB
5540,EGSS,LPPT
5541,NZGB,NZAA
5542,KPHX,KATL
5543,KSEA,KJFK
5544,KLAX,KSAN
5545,LTBA,UAAA
5546,GMME,LFPO
5547,LIMC,EDDK
5548,RCTP,RJBB
5549,EFHK,EFKE
5550,YMMB,YPKL
5551,ESSA,EFHK
5552,TJSJ,KMIA
5553,LGAV,EDDF
5554,LIMC,LIBD
5555,ENBR,ENZV
5556,KTEB,KHEF
5557,KSAN,KEWR
5558,VHHH,PANC
5559,ULLI,UUEE
5560,EGSS,LIME
5561,NZAA,YBBN
5562,YPAD,YMML
5563,VIDP,OTHH
5564,WSSS,VHHH
5565,KSDF,KDEN
5566,RJTT,RJOS
5567,YCES,YMMB
5568,EGSS,LPPR
5569,LGAV,EBBR
5570,LEMD,EGLL
5571,EETN,ESSA
5572,EPWA,ENGM
5573,KLAX,KLAS
5574,EGPH,EGAA
5575,KLAS,KCVG
5576,KIND,KSDF
5577,KSAN,KATL
5578,VOBL,EDDP
5579,KPHX,KFLL
5580,KLAS,KEWR
5581,LPPR,LFBD
5582,RJTT,RJOM
5583,LSZM,EKCH
5584,YWLM,YMML
5585,KLAS,KPHL
5586,EPWA,EPSC
5587,LEPA,LEIB
5588,KPHX,KDTW
5589,LIRF,EBOS
5590,LIMC,LIDF
5591,PANC,40AK
5592,LFMV,LFPB
5593,KEWR,KLAX
5594,RCTP,VHHH
5595,KLAX,RCTP
5596,LPPR,LFOB
5597,YSWG,YSBK
5598,RPLL,RJTT
5599,UUEE,UNEE
5600,EPWA,EDDF
5601,YSSY,YMML
5602,EFHK,EFTU
5603,KSFO,KEWR
5604,YMML,YSSY
5605,UUWW,LTFJ
5606,KLAX,KIAD
5607,EPWA,EYKA
5608,SKBO,KMIA
5609,EGPF,EGLL
5610,SBGR,SBVT
5611,NZAA,NZCH
5612,KLAS,KDTW
5613,KPDX,KEWR
5614,FAOR,FACT
5615,KLAX,KFLL
5616,EGGD,EGAA
5617,KRFD,KSDF
5618,CYYC,CYYZ
5619,LEPA,LEMD
5620,YBCG,YMML
5621,LPPR,LPPT
5622,OMDB,VIDP
5623,EIDW,EHAM
5624,VIDP,OMDB
5625,KSAN,KPHL
5626,YMML,YWLM
5627,NZAA,YMML
5628,YSCB,YBCG
5629,KLAS,KBWI
5630,KLAX,KOAK
5631,KLUK,KDPA
5632,LFPG,LFML
5633,LEAL,EGKK
5634,LTFJ,OTHH
5635,EIDW,LFPG
5636,OMSJ,OPMT
5637,YPJT,YMUL
5638,EGGW,UKKK
5639,NZAA,NZCH
5640,KLAX,YSSY
5641,EKCH,EDDL
5642,VOMM,OTHH
5643,KPDX,KSEA
5644,KBOI,KHIO
5645,KADS,KHOU
5646,RJOO,RJTT
5647,EPWA,ESSA
5648,LSGG,LPPR
5649,KLAX,KMIA
5650,KLAS,KATL
5651,LLBG,EGLL
5652,KORD,KSEA
5653,KMIA,MGGT
5654,EGAC,EGPH
5655,VIDP,VABB
5656,LTFJ,LTAC
5657,EDDK,VHHH
5658,KPDX,KATL
5659,EBMB,LIMC
5660,YMEN,YLTV
5661,EDDH,EDDM
5662,ESSA,EFHK
5663,WSSS,VHHH
5664,EGCC,EGLL
5665,VIDP,VISP
5666,LFPG,EPKK
5667,ENVA,ENBO
5668,KSEA,KYKM
5669,KPHX,KIAD
5670,LSZH,EDDF
5671,YSSY,YBBN
5672,KSEA,KPDX
5673,EDDL,EDDF
5674,EGGP,LEMG
5675,OMDB,VABB
5676,NZAA,YSSY
5677,EGCC,EPKK
5678,LEMG,LFBD
5679,VIDP,VOBL
5680,KPHX,KEWR
5681,ENVA,ENBO
5682,NZCH,NZWN
5683,KSLC,KJFK
5684,KSEA,KGEG
5685,EDDF,ENGM
5686,KPHX,KFAT
5687,VECC,VOBL
5688,RCTP,PANC
5689,EKCH,LEAL
5690,RJTT,RJOO
5691,KPHX,KJFK
5692,EGKK,LEAL
5693,ENVA,ENBO
5694,YSCB,YMML
5695,GMMN,LFPG
5696,EKCH,OTHH
5697,KSDF,KRFD
5698,RCTP,RKSI
5699,ULLI,UUYY
5700,ENGM,ENVA
5701,KSEA,KBLI
5702,ESSA,OTHH
5703,KBOS,KCLT
5704,LEIB,LEBL
5705,KLAX,RKSI
5706,ENVA,ENBO
5707,LEMD,EDDF
5708,EPWA,EKCH
5709,YSSY,YMML
5710,UUEE,ULLI
5711,UUDD,ULLI
5712,71KY,OBBI
5713,KSEA,KMIA
5714,UUWW,UWSS
5715,KARB,8MI9
5716,KLAX,KATL
5717,KSDF,KSAN
5718,UUWW,OMDW
5719,YSCB,YBBN
5720,KDEN,KSMF
5721,EKCH,EBBR
5722,KSEA,KFLL
5723,WMKJ,WMSA
5724,LSGG,LEMG
5725,KLAX,RCTP
5726,LPPD,LPPT
5727,KDEN,KHOU
5728,ENGM,ENHD
5729,LEZG,UUEE
5730,YSCB,YWLM
5731,FAOR,FACT
5732,LFPG,OTHH
5733,RCSS,RJTT
5734,RCTP,KLAX
5735,EDDF,CYYZ
5736,SBGR,SBBR
5737,KOAK,KMDW
5738,KDEN,KRSW
5739,LTFJ,EGSS
5740,UKKK,LSGG
5741,KPHL,KMIV
5742,LIML,LSGG
5743,LEPA,LEBL
5744,YBAF,YAMB
5745,KSFO,YSSY
5746,ENGM,ENZV
5747,EHAM,LFPG
5748,KLAX,RCTP
5749,KLAS,KDTW
5750,ESSA,ESNZ
5751,YMML,YBBN
5752,UUWW,EGGW
5753,EDDF,LFPG
5754,CYVR,CYUL
5755,KLAS,KFLL
5756,VECC,VOBL
5757,RCTP,VHHH
5758,PANC,RKSI
5759,KLAX,MGGT
5760,OBBI,OMDB
5761,UKBB,UMMS
5762,UUWW,UWKD
5763,NZCH,NZAA
5764,EIDW,EGGP
5765,RKSI,WSSS
5766,KLAX,RCTP
5767,YBBN,YPPH
5768,OMDB,VOBL
5769,LPFR,LPPT
5770,KSEA,KATL
5771,YMML,YBCG
5772,EGSS,LFBD
5773,VIDP,VABB
5774,KFRG,KIAD
5775,KSFO,KATL
5776,YRTI,YPJT
5777,ZGSZ,ZUCK
5778,OBBI,OMAA
5779,BIKF,EDDF
5780,LSGG,EDDM
5781,ENBO,ENVA
5782,KONT,KATL
5783,KLAX,KOAK
5784,KSFO,KMIA
5785,LFPO,LFML
5786,EGAA,EGNT
5787,LEMD,LSZH
5788,KLAX,KEWR
5789,EIDW,EGLL
5790,KSMF,KIAD
5791,KSDF,KBOS
5792,VIDP,VOBL
5793,YMML,YSSY
5794,LTFJ,EHAM
5795,PANC,KMSP
5796,OMDB,EGLL
5797,ESSA,ESMS
5798,RKSI,WSSS
5799,LTAC,LTFJ
5800,EIDW,EDDK
5801,KLAX,KDTW
5802,LEMD,LEBL
5803,LDZA,EHAM
5804,EGPH,EGLL
5805,EGNX,EDDP
5806,YMML,YBBN
5807,LFBO,LFPO
5808,VABB,OERK
5809,LFBO,LFGC
5810,RPLL,VHHH
5811,LFPG,LSGG
5812,EIDW,LPPT
5813,WBKK,WMKK
5814,YPPH,YBBN
5815,ESSA,ESGG
5816,EKCH,ESSA
5817,KPHX,KEWR
5818,K9A1,KPDK
5819,LTBA,LKPR
5820,LTFJ,EBCI
5821,EDDP,LOWW
5822,KMSP,KFLL
5823,EGGW,LPPT
5824,EKCH,EGBB
5825,ESSA,ESTA
5826,NZCH,NZAA
5827,WSSS,WMKK
5828,PANC,KBFI
5829,LTFJ,ESSA
5830,KPWK,KOSU
5831,EGLL,EGNT
5832,EHAM,EGLL
5833,ULLI,UWKD
5834,RJOO,RJTT
5835,ESSA,ENGM
5836,EKCH,EKYT
5837,LFST,LFBD
5838,KRFD,KMSP
5839,LTFJ,LIME
5840,PANC,VHHH
5841,EIKY,EIDW
5842,KTEB,KSDF
5843,KSDF,KOAK
5844,EGPH,LKPR
5845,ENBR,ENGM
5846,KSFO,RKSI
5847,LFPG,LFBO
5848,LTFJ,EDDL
5849,LIBD,LIMC
5850,KHWD,KVNY
5851,KLAX,KATL
5852,KDEN,KFLL
5853,LEIB,LEBL
5854,SKBO,KMIA
5855,EIDW,OTHH
5856,ULLI,UUDD
5857,KSEA,PANC
5858,KDAL,KMKC
5859,KSFO,KEWR
5860,VABB,OMDB
5861,FAOR,FACT
5862,NZAA,NZCH
5863,UUDD,ULLI
5864,OBBI,EGLL
5865,EGGD,LEAL
5866,VHHH,RJTT
5867,KRFD,KOAK
5868,WBKK,WMKK
5869,RCQC,RCKU
5870,LEPA,LEMH
5871,FAOR,FACT
5872,LEMH,LEBL
5873,KSEA,KDTW
5874,LTFJ,EDDM
5875,OMDB,VHHH
5876,LEMD,LIRF
5877,71KY,CYHM
5878,KSEA,PANC
5879,LDZA,EDDF
5880,KRFD,KEWR
5881,BIKF,KBOS
5882,KIND,KRIR
5883,VOMM,VABB
5884,OMDB,EDDP
5885,RCTP,PANC
5886,RKSI,VHHH
5887,LTFJ,LFPO
5888,KSFO,RCTP
5889,LIRF,LSZH
5890,EGAC,EGLL
5891,EGCC,OTHH
5892,LFPG,LIMC
5893,KBWI,KRDG
5894,BIKF,EKCH
5895,SKBO,KMIA
5896,EFHK,EKCH
5897,KPDX,KABQ
5898,RKSI,VHHH
5899,NZWN,NZCH
5900,EGSS,LIPE
5901,KSDF,KDEN
5902,VIDP,OMSJ
5903,ESKN,LOWW
5904,FAOR,FACT
5905,WMKK,VHHH
5906,YPMQ,YSSY
5907,ESSB,ESSP
5908,YPAD,YMML
5909,KLAS,KEWR
5910,ENZV,ENVA
5911,LFML,LMML
5912,ENVA,ENGM
5913,LIRF,EDDF
5914,VABB,VOMM
5915,YMML,YBMC
5916,EDDL,EDLW
5917,YSSY,YSWG
5918,LIRF,LSGG
5919,WMKK,RPLL
5920,RJTT,RJBB
5921,RCTP,VHHH
5922,LEZL,LEBL
5923,EIDW,EGBB
5924,LEMD,EBBR
5925,LIRF,EBBR
5926,ENZV,ENGM
5927,EGLL,EGPH
5928,LPPT,LSZM
5929,KPHX,KABQ
5930,RCQC,RCKH
5931,EHAM,LPFR
5932,KSFO,KORD
5933,EGAA,EGPH
5934,WMKK,WBKK
5935,LEMD,LIML
5936,KLAS,KCMH
5937,KMIA,TBPB
5938,FALA,FACT
5939,EGGW,EPWA
5940,YMML,YPPH
5941,LIRF,EHAM
5942,LEIB,LEMD
5943,EGNX,LIMC
5944,LEMH,LEPA
5945,KRFD,KSDF
5946,YMMB,YMNG
5947,KSFO,RCTP
5948,KLAS,KJFK
5949,YPAD,YBBN
5950,RCTP,KLAX
5951,EIDW,LEBL
5952,ELLX,OTHH
5953,EDDF,EDDH
5954,KLAX,KORD
5955,EDDM,LIRF
5956,KSDF,KABQ
5957,EDDF,EHAM
5958,KLAS,KIAD
5959,RCTP,VHHH
5960,EDDK,EPKT
5961,KSDF,KBOS
5962,ULLI,UUEE
5963,VABB,VIDP
5964,YMML,YBCG
5965,EKCH,EKYT
5966,CYVR,CYYZ
5967,KLAS,KDTW
5968,LTFJ,EHAM
5969,KSFO,KFLL
5970,YPPH,YMML
5971,FAOR,FACT
5972,KSDF,KMSP
5973,VHHH,WMKK
5974,LFPO,LPPR
5975,KLAX,KPHL
5976,VMMC,RCTP
5977,KSDF,KMHR
5978,LIRF,LOWW
5979,ESSA,EDDB
5980,EBMB,EGLL
5981,KSFO,KIAD
5982,EKBI,LEMG
5983,KSEA,KIAD
5984,KLAS,KATL
5985,YBBN,YSSY
5986,FAOR,FACT
5987,RKSI,PANC
5988,KLAX,KORD
5989,EGLL,OTHH
5990,KDEN,KDTW
5991,LFPO,LFBO
5992,RJOO,RJTT
5993,OMDW,UUWW
5994,KPHL,KALB
5995,KDEN,KPHL
5996,KLAX,KSFO
5997,EGSS,EGAA
5998,LIRF,LFPG
5999,CYYC,CYYZ
6000,KGYR,13AZ
6001,LEIB,LEPA
6002,KSDF,KJFK
6003,UKBB,EHAM
6004,LIRF,LICJ
6005,ENZV,ENVA
6006,UUEE,OMDB
6007,UUMO,ULLI
6008,EDDF,EDDC
6009,LMML,EDDM
6010,LOWW,EDDH
6011,EGLL,OMAA
6012,EGGW,EPKK
6013,OERK,OMDW
6014,KPHL,KMSP
6015,KLAX,RKSI
6016,YSSY,WSSS
6017,KATL,PANC
6018,KJFK,RKSI
6019,KSDF,KRIR
6020,GMMN,LFPO
6021,EGKK,LFPG
6022,EDDF,EDDW
6023,EDDL,LEAL
6024,KSFO,KMSP
6025,KPHX,KMIA
6026,KSLC,KBOI
6027,UUEE,ULLI
6028,LFML,LFPO
6029,KEWR,KBWI
6030,ESSA,EDDF
6031,ZGSZ,ZUCK
6032,EGGW,EPKT
6033,PANC,KORD
6034,RJBB,VHHH
6035,YMML,YSCB
6036,ENGM,EVRA
6037,NZCH,NZPM
6038,LFBO,LEMD
6039,RJTT,RJOM
6040,LTFJ,EDDS
6041,KRFD,KMCI
6042,KSDF,KOAK
6043,ELLX,LIMC
6044,UUWW,ULLI
6045,KPHL,KMIA
6046,KLAS,K1L3
6047,PANC,RKSI
6048,KLAS,KMSP
6049,UUEE,UWLL
6050,LFPG,KJFK
6051,EBMB,EDDM
6052,UUWW,ULLI
6053,YPAD,YMML
6054,RCTP,WSSS
6055,LIRF,LIBD
6056,KIAD,KBUY
6057,SBVT,SBGR
6058,ENGM,EDDL
6059,YMML,WSSS
6060,VECC,VOBL
6061,KPHL,KATL
6062,EBMB,LFML
6063,ULLI,EVRA
6064,YPAD,YPPH
6065,RJTT,RJOO
6066,EDDH,EDDK
6067,RJOA,RJTT
6068,EPWA,EDDH
6069,ENGM,EDDF
6070,KDEN,KATL
6071,LIMC,LEMD
6072,YBBN,YMML
6073,KATL,KDFW
6074,KLAX,KDFW
6075,ZGSZ,ZUCK
6076,KAPA,KMKC
6077,SBGR,SBGL
6078,EDDF,EDDM
6079,EPWA,LIPZ
6080,LFML,EBCI
6081,RJTT,RJOS
6082,YBBN,YPAD
6083,LFBD,LFPG
6084,LSZH,LPPT
6085,LTFJ,EDDL
6086,EHAM,LSZM
6087,LFRN,LFBO
6088,LOWW,EDDL
6089,WMKJ,WBKK
6090,PANC,KSDF
6091,ENBR,ENGM
6092,LFPG,LFML
6093,LEPA,LEMD
6094,KRFD,PANC
6095,EHAM,EPGD
6096,LPPT,LEMD
6097,YBBN,YSSY
6098,RCTP,RKSI
6099,KSEA,KFLL
6100,LEMG,LEBL
6101,LSZH,LPPR
6102,UUWW,EVRA
6103,KPHL,KDTW
6104,PANC,KORD
6105,KSLC,KLAX
6106,EDDF,KORD
6107,KLAX,KMSP
6108,KDFW,KMIA
6109,YBBN,YMML
6110,YPPH,WSSS
6111,RKSI,RCTP
6112,KPHL,KBUF
6113,LTFJ,EDDS
6114,ESSA,ESNP
6115,LSZH,LEMG
6116,KONT,KDEN
6117,EHAM,LKPR
6118,PANC,KORD
6119,EDDH,LSZH
6120,KPHL,KTPA
6121,RJTT,RJOM
6122,KDEN,KMIA
6123,WSSS,VIDP
6124,EBMB,LFBO
6125,YMHB,YMML
6126,ESKN,LHBP
6127,KFTW,KSAT
6128,EHAM,LSGG
6129,RJBB,RJTT
6130,KLAX,RCTP
6131,EDDF,LPPT
6132,KPHL,KRDU
6133,EDDM,OTHH
6134,LIRF,EGLL
6135,EHAM,EDDM
6136,YBCG,YMML
6137,LTFJ,EKCH
6138,KRDU,KMCO
6139,KRFD,KOAK
6140,EDDF,LDZA
6141,KLAS,KMCO
6142,LEPA,LEMD
6143,YBBN,YMML
6144,YMML,YSSY
6145,ELLX,LIML
6146,EHAM,EGBB
6147,KONT,KABE
6148,LTFJ,LFPG
6149,LIRF,LIML
6150,YMAV,YMMB
6151,ULLI,UUEE
6152,EHAM,EBBR
6153,LTFJ,EDDF
6154,LFPG,LFRJ
6155,KSDF,KJFK
6156,KRFD,KMHR
6157,KSAN,KVNY
6158,RCTP,VHHH
6159,EDDM,EPWA
6160,KPHL,KBOS
6161,WBKK,WMKK
6162,ENZV,ENGM
6163,RJTT,RJOM
6164,RKSI,KLAX
6165,YMML,YBBN
6166,KRFD,KBFI
6167,KSDF,KSAT
6168,VECC,VOBL
6169,LSZH,EKCH
6170,KPHL,KRSW
6171,EDDF,EDDL
6172,KSFO,KSEA
6173,36AZ,KIWA
6174,EDDF,ESGG
6175,LTFJ,LSZM
6176,EFHK,EDDH
6177,RCTP,VHHH
6178,EHAM,LSZH
6179,KPHL,7PS7
6180,LSZH,LIRF
6181,OMDB,OPMT
6182,EHAM,EGPH
6183,LIML,LIBR
6184,EBMB,LSGG
6185,YMML,WSSS
6186,VIDP,VECC
6187,ENHD,ENGM
6188,LFPG,ESSA
6189,LFPG,LIQL
6190,LTFJ,UUDD
6191,KRFD,KPDX
6192,LEMG,EBBR
6193,EGLL,LFPG
6194,EHAM,EHLE
6195,EPGD,EHEH
6196,VIDP,VABB
6197,KLAX,RKSI
6198,LIMC,LICJ
6199,KGSO,KORD
6200,KBOS,KMCI
6201,SBBR,SBRJ
6202,EHAM,EGPD
6203,KDUJ,KAXQ
6204,LTFJ,LTAC
6205,YSSY,YPPH
6206,EFHK,EFJO
6207,EGAA,EGGD
6208,LFPG,LIRF
6209,VABB,VIDP
6210,KLAX,MGGT
6211,EHAM,UKBB
6212,KIND,KORD
6213,LTFJ,LFML
6214,LIMC,LILG
6215,KPHL,KCLT
6216,EHAM,EFHK
6217,YSSY,VHHH
6218,LFPG,LEMD
6219,KSDF,KBFI
6220,EHAM,LIRF
6221,LIRF,OTHH
6222,EDDM,LEPA
6223,LFPG,LFRS
6224,KSEA,KMSP
6225,KSDF,KEWR
6226,KIND,KLAX
6227,EHAM,KATL
6228,YMEN,YCEM
6229,KPHL,KBKL
6230,RJTT,RJOO
6231,NZAA,KHHR
6232,LOWW,LEMD
6233,EHAM,EDDB
6234,LFPG,ELLX
6235,VIDP,VOBL
6236,KLAS,KATL
6237,YWLM,YSSY
6238,LFPG,LROP
6239,VHHH,RKSI
6240,KIND,KDTW
6241,ESSA,EHAM
6242,LEMO,EGUN
6243,KABQ,KAPA
6244,KPHL,KORD
6245,LIRF,LEMD
6246,EGBB,EGAC
6247,LFPG,EDDB
6248,VIDP,VOBL
6249,EHAM,EKCH
6250,LIBD,LIMC
6251,KPHX,00AZ
6252,UUDD,LIRF
6253,KRFD,KPHX
6254,KDFW,KMSP
6255,EHAM,LFPG
6256,ENBR,ENZV
6257,YMML,YBBN
6258,UUWW,ULLI
6259,EDDF,EVRA
6260,VABB,VIDP
6261,OERK,OMDB
6262,KSEA,RCTP
6263,EHAM,LOWW
6264,EKYT,EKCH
6265,YBBN,YSSY
6266,KLAX,KATL
6267,KLAS,KDFW
6268,ESNZ,ESSA
6269,EHAM,ESGG
6270,YWLM,YKMP
6271,WMKK,VIDP
6272,KBUF,KJFK
6273,RKSI,CYVR
6274,EGBB,EPKK
6275,KSDF,KBFI
6276,EDDF,LMML
6277,LTFJ,EDDB
6278,NZAA,NZCH
6279,ESSA,EETN
6280,LSZH,LEPA
6281,KSDF,KOAK
6282,KDPA,KMKC
6283,EHAM,LIPZ
6284,ENZV,EKCH
6285,EDDF,LSZH
6286,YSWG,YSSY
6287,RJTT,RJOA
6288,KLAS,KCLT
6289,EGKK,EHAM
6290,ULLI,ULMM
6291,LZKZ,EGGW
6292,EGPH,EGAC
6293,KEWR,KORD
6294,PANC,KLCK
6295,LSZH,EGLL
6296,EPSY,EDLW
6297,EHAM,KLAX
6298,KLAX,KMIA
6299,ULMM,ULLI
6300,ULMM,ULLI
6301,ULLI,UWKD
6302,KSDF,KMHR
6303,EGPF,EGSS
6304,KGSO,KEWR
6305,RKSI,KSFO
6306,LSZH,LEBL
6307,EHAM,EPWA
6308,LEPA,LEIB
6309,KDFW,KM99
6310,EDDF,EDDL
6311,KIND,KMSP
6312,KSDF,KBUR
6313,YSSY,YPAD
6314,LTFJ,EDDF
6315,YMML,YSCB
6316,KEWR,KDTW
6317,KONT,KSLC
6318,YMHB,YBBN
6319,YBCG,YMML
6320,KDAL,KHOU
6321,EDDF,LEPA
6322,EFKE,EFKK
6323,EGKK,EPKK
6324,FAOR,FACT
6325,EHAM,SKBO
6326,EDDF,CYYZ
6327,LFBD,LPPR
6328,YWLM,YMML
6329,KSDF,KATL
6330,KDFW,KRIR
6331,EBBR,EGLL
6332,LMML,EGSS
6333,ESMS,ESSA
6334,EGLL,EKCH
6335,YSBK,YSWG
6336,KSDF,KSAN
6337,YMML,NZAA
6338,LIML,LIRF
6339,KSDF,KORD
6340,UKKK,EDLW
6341,KRFD,KRIR
6342,RJAA,RCTP
6343,UMMS,LFPG
6344,EHAM,EDDF
6345,YMHB,YMML
6346,LEMH,LEPA
6347,LFML,LEMD
6348,VECC,VIDP
6349,NZAA,RCTP
6350,YBRS,YMMB
6351,EHAM,ENGM
6352,KSDF,PANC
6353,EDDL,EKCH
6354,OMDW,UUWW
6355,RCQC,RCKH
6356,KDFW,KATL
6357,KLAS,KORD
6358,FAOR,FACT
6359,RPLL,RCTP
6360,KSDF,KEWR
6361,SBBR,SBGR
6362,LFPG,LEBL
6363,KSDF,KPHX
6364,EHAM,LHBP
6365,KMIA,SKMA
6366,KDEN,KMCO
6367,ESGG,ESSA
6368,LFBD,LFLB
6369,LTAC,LTFJ
6370,RJOA,RJTT
6371,WMKK,WBKK
6372,KDFW,KPHX
6373,KSDF,KDEN
6374,SBVT,SBBR
6375,KONT,KPDX
6376,EDDF,LOWW
6377,LFOB,LPPT
6378,EFHK,ESSA
6379,RKSI,KLAX
6380,EGMC,LEMD
6381,RPLC,OTHH
6382,ESTA,ESSA
6383,KIND,KATL
6384,EDDM,LEBL
6385,LTFJ,LOWW
6386,YMEN,YRSY
6387,EHAM,EDDS
6388,LFML,LFRS
6389,VECC,VIDP
6390,KSDF,KPHL
6391,KPDX,KMSP
6392,LEMD,LSGG
6393,KVES,KI73
6394,LIMC,EDDB
6395,TJSJ,KMIA
6396,LFPG,UUEE
6397,RCQC,RCKH
6398,WBKK,WMSA
6399,KDFW,KLAX
6400,YMML,YCBG
6401,KSDF,KPDX
6402,EPWA,EPSC
6403,LPPT,LSGG
6404,KEWR,KATL
6405,KCOS,KLAS
6406,YPAD,YMML
6407,RJOO,RJTT
6408,UWWW,UUDD
6409,KBFI,WA22
6410,SBRJ,SBBR
6411,EHAM,SBGR
6412,SBCO,SBGR
6413,YBCG,YSCB
6414,RJTT,RJOA
6415,EIDW,EGPH
6416,YMML,YPAD
6417,RJTT,RJOO
6418,KSAN,KSFO
6419,KSDF,KEWR
6420,YPAD,YSSY
6421,EKCH,ENVA
6422,KSDF,KBOI
6423,LFPG,LPPT
6424,EHAM,LFBD
6425,RKSI,UUEE
6426,LYBE,LDZA
6427,ENGM,ENZV
6428,KONT,KOAK
6429,KSDF,KRIR
6430,SBVT,SBBR
6431,KSDF,KMIA
6432,SBSP,SBVT
6433,EDDF,LMML
6434,VOMM,VOBL
6435,YSCB,YBBN
6436,LFML,LFPG
6437,EHAM,ESSA
6438,LLBG,LOWW
6439,KSDF,KABQ
6440,KLAX,KDTW
6441,EDDF,KSFO
6442,RJAA,RKSI
6443,KSDF,KBOS
6444,FAOR,FACT
6445,EHAM,EIDW
6446,RPLL,VHHH
6447,VHHH,RCTP
6448,EBMB,EPWA
6449,KSDF,KFAT
6450,KSDF,KJFK
6451,VIDP,VABB
6452,LTFJ,LSZH
6453,KSDF,KLAX
6454,KORD,PANC
6455,KGSO,KATL
6456,KIND,KEWR
6457,KCPS,1IS0
6458,LIMC,KJFK
6459,EDDL,EPWA
6460,YBBN,YPAD
6461,KEWR,KBOS
6462,CYVR,RCTP
6463,KSDF,KBUF
6464,VECC,VOMM
6465,KSDF,KMIA
6466,EDDF,VABB
6467,EKYT,EKCH
6468,ENBO,ENVA
6469,EDDS,EDDH
6470,YSCB,YTBG
6471,LFPO,LPPT
6472,EHAM,EVRA
6473,EHAM,FACT
6474,KSDF,CYMX
6475,LFPG,LFBD
6476,LFPO,LEMD
6477,EDDS,EDTQ
6478,KSDF,KLAS
6479,LPPR,LEBL
6480,MROC,KFLL
6481,LFPO,LEMD
6482,RJTT,RJBB
6483,KSDF,KRDU
6484,LSZH,EPWA
6485,EDDF,KMIA
6486,EHAM,KSEA
6487,EDDF,KEWR
6488,PANC,KLAX
6489,KSLC,KLAS
6490,EKCH,LSZM
6491,LFBO,LFPG
6492,RCTP,WSSS
6493,SBGL,SBBR
6494,ENGM,ENVA
6495,EDTG,LSZH
6496,EDDF,LPPR
6497,WMKK,RCTP
6498,RJTT,RJOO
6499,KRFD,KBWI
6500,LEMD,LPPT
6501,KVNY,KTEB
6502,EDDF,LEMD
6503,EGLL,EIDW
6504,KDEN,KMIA
6505,LIME,EGSS
6506,SBGL,SBGR
6507,ENVA,ENBO
6508,EHAM,EPWA
6509,KRFD,KJFK
6510,KLAS,KMIA
6511,KAFW,KORD
6512,EDDF,RKSI
6513,LFPG,KEWR
6514,LTFJ,EDDB
6515,RKSI,KATL
6516,EDDL,LEPA
6517,LEMG,LFPO
6518,KRFD,KEWR
6519,LSGG,LFBO
6520,CYQY,CYYZ
6521,EHAM,WSSS
6522,SDCO,SBGR
6523,ENBO,ENGM
6524,KOAK,KLAX
6525,SBGR,SBBR
6526,LIMC,EVRA
6527,EDDF,RCTP
6528,SBRJ,SBGR
6529,KMSP,KPHX
6530,KEWR,KMDT
6531,LPPD,LPPT
6532,EDDF,LEZG
6533,ULLI,UUDD
6534,EHAM,SBGL
6535,KSDF,KDFW
6536,ESPA,ESSA
6537,PANC,KSEA
6538,YBBN,YPAD
6539,KMKC,KSUS
6540,LFML,LFPG
6541,LFPG,KLAX
6542,RKSI,CYVR
6543,LTFJ,EDDM
6544,RJOA,RJTT
6545,LEMG,EGSS
6546,KSDF,KATL
6547,LEPA,LEMH
6548,LEMD,LPPR
6549,LEMD,ESSA
6550,KSDF,KEWR
6551,EDDK,LEMD
6552,SBRJ,SBBR
6553,KTEB,KIAD
6554,KEWR,KBWI
6555,KSDF,KSAT
6556,LIRF,LEMD
6557,EKCH,LIRA
6558,KSDF,KBWI
6559,KRFD,KSTL
6560,EBMB,EKCH
6561,LIMC,EPWA
6562,ENGM,ENBO
6563,LSGG,EPWA
6564,EKCH,EPWA
6565,KSEA,67KY
6566,ZGSZ,ZUCK
6567,ULLI,UUEE
6568,LFPG,EHAM
6569,LSZM,LPPR
6570,KDFW,60CO
6571,EDDM,LEPA
6572,EDDF,OTHH
6573,LFPG,EGLL
6574,KRFD,KDTW
6575,EPWA,EPGD
6576,LIRF,LICJ
6577,KSDF,KPHL
6578,KLAX,KDFW
6579,SBGL,SBBR
6580,VHHH,RCTP
6581,VIDP,VAPO
6582,EIDW,EVRA
6583,LSZH,LEPA
6584,EBMB,KEWR
6585,SBSP,SBBR
6586,WMSA,WSSL
6587,LFBO,LFPO
6588,EGGD,EIDW
6589,NZAA,KSFO
6590,KRFD,KDFW
6591,LFOB,LPPR
6592,NZCH,NZAA
6593,ENGM,EPWA
6594,KHYA,KBOS
6595,EGKK,LEBL
6596,LEMD,LEPA
6597,EDDM,LEMD
6598,EDDF,KDFW
6599,EGNS,EGGP
6600,LSGG,LFPG
6601,EDDV,EDDM
6602,LOWW,LTFJ
6603,EDDH,LEPA
6604,LFPG,EDDF
6605,VHHH,OTHH
6606,EGLL,WSSS
6607,EDDF,LEMG
6608,VIDP,OMDB
6609,KSDF,KSWF
6610,EDDW,EDDF
6611,KSDF,KPHL
6612,KRFD,KMCI
6613,EKCH,EKYT
6614,EDDF,KLAX
6615,VOBL,VIDP
6616,EGPH,EGBB
6617,EGLL,OMDB
6618,UUWW,OMDW
6619,EBMB,EHAM
6620,UMMS,ESSA
6621,KIND,KSEA
6622,VIDP,VAPO
6623,LFPG,EIDW
6624,KSDF,KHSV
6625,VHHH,RCTP
6626,YBBN,YSSY
6627,EPWA,EPWS
6628,EIDW,EDDK
6629,FAOR,FACT
6630,KIND,KLAX
6631,EGNT,EGLL
6632,KRFD,K8C4
6633,LPPT,LFPO
6634,KSDF,KORD
6635,EDDF,UUDD
6636,KMKC,KDAL
6637,LTFJ,LKPR
6638,KEWR,KSYR
6639,UUWW,EVRA
6640,EGKK,LEMD
6641,EDDC,EDDF
6642,LPPT,LPPR
6643,EDDB,EDDF
6644,EHAM,KJFK
6645,LSGG,EDDF
6646,RKSI,WSSS
6647,EDDF,EPWA
6648,KEWR,KIAD
6649,LPPR,EGSS
6650,VIDP,VOMM
6651,RJBB,RKSI
6652,LEAL,EGSS
6653,KIND,KATL
6654,WMKK,WMKJ
6655,EGKK,LPPR
6656,LYBE,EDLW
6657,VIDP,VOBL
6658,OMDB,LIMC
6659,EPKK,LFPG
6660,KRFD,KMSP
6661,EGMC,LIMC
6662,KSDF,EDDK
6663,PANC,RCTP
6664,LEMD,KJFK
6665,LSZH,LIRF
6666,RKSI,RPLL
6667,YBBN,YPPH
6668,LIMC,LFPG
6669,WMKK,ZGSZ
6670,RPLL,VHHH
6671,KIND,KRIR
6672,LPPT,LEMD
6673,EHAM,EGCC
6674,RJBB,RCTP
6675,KSDF,KTYS
6676,EDDF,LEMD
6677,KSTL,KRIR
6678,EDDF,KORD
6679,LSZH,EGGW
6680,EDDF,KJFK
6681,KIND,KMCI
6682,YSCB,YPAD
6683,KSDF,PANC
6684,OMDB,OBBI
6685,UUWW,OMDW
6686,EHAM,KATL
6687,VABB,VIDP
6688,OMDW,VHHH
6689,KPHX,KPDX
6690,LPPT,EGLL
6691,EDDL,EDDF
6692,OERK,OEDF
6693,KSDF,CYYZ
6694,EGLL,KJFK
6695,ENUL,ENZV
6696,EGBB,EIDW
6697,YMML,YPAD
6698,EDDM,EDDK
6699,LIBD,LIRF
6700,KPHX,KDFW
6701,LPPT,EGSS
6702,LFPG,KJFK
6703,EHAM,EDDF
6704,ENBO,ENVA
6705,KMCI,KSTL
6706,EGMC,EIDW
6707,EGLL,KEWR
6708,RJAA,RKSI
6709,LPPR,LSGG
6710,SBBR,SBRJ
6711,RJBB,RJTT
6712,KSDF,KDFW
6713,LSZH,EDNY
6714,KSDF,KRSW
6715,LFBD,LFGC
6716,SBSP,SSJC
6717,OERK,OEDF
6718,LIMC,LEMD
6719,SBGR,SSJC
6720,WMKK,WSSS
6721,EDDP,LEMD
6722,NZPM,NZCH
6723,LIME,LIBD
6724,OMDB,LFPG
6725,ENBR,ENGM
6726,ELLX,LPPR
6727,RPLC,RCTP
6728,LEAL,EGCC
6729,TJSJ,KMIA
6730,KAFW,KOAK
6731,EHAM,RCTP
6732,EGLL,LEMD
6733,VIDP,VABB
6734,LFPG,EPWA
6735,KIND,KMKE
6736,LSGG,LIRF
6737,KSDF,CYHM
6738,LPPT,LFPO
6739,YBBN,YSCB
6740,EGGP,EIDW
6741,KSDF,KLCK
6742,RJBB,RJAA
6743,EDDH,EDDF
6744,KPHL,KDFW
6745,PANC,67KY
6746,KSDF,KMDT
6747,EIDW,EGCC
6748,VOBL,VIDP
6749,EVRA,EDDS
6750,UUWW,EVRA
6751,EFHK,ESSA
6752,ZGSZ,ZUCK
6753,VHHH,PANC
6754,YPAD,YSSY
6755,LTAC,OTHH
6756,OMDB,VABB
6757,YMHB,YBBN
6758,NZAA,KHHR
6759,RJTT,RJOO
6760,YBBN,YMML
6761,SBRJ,SBBR
6762,LSZM,EHAM
6763,LEMD,LROP
6764,ELLX,ESSA
6765,RPLL,OTHH
6766,EGLL,EHAM
6767,EGPH,EGLL
6768,KSDF,KSYR
6769,EKCH,ENGM
6770,VABB,VOMM
6771,GMMN,LFPO
6772,LFPG,KATL
6773,LSZH,WSSS
6774,LEPA,LEBL
6775,YBCG,YMML
6776,KSDF,KTUL
6777,EGLL,LMML
6778,LEAL,EGCC
6779,KIND,KJFK
6780,ENBR,ENZV
6781,SBGR,SBBR
6782,EHAM,KDTW
6783,EGLL,EHAM
6784,EDDM,EDDF
6785,KSDF,KIAD
6786,KIND,KEWR
6787,UUEE,ULLI
6788,KIAD,KDEN
6789,EDDF,KBOS
6790,VECC,VOBL
6791,KSDF,CYVR
6792,KIND,KDEN
6793,VHHH,RCTP
6794,SBSP,SBRJ
6795,SKBO,KMIA
6796,KSDF,KSTL
6797,KAFW,KSAT
6798,LEMG,LSGG
6799,EHAM,KORD
6800,KIND,KMSP
6801,KSDF,KMKE
6802,RCQC,RCNN
6803,KIND,KIAD
6804,LIRF,EDDM
6805,EDDF,KIAD
6806,KMIA,67KY
6807,LSZM,LEPA
6808,EIDW,EBBR
6809,YPAD,YMML
6810,UUWW,OMDW
6811,RJTT,RJOO
6812,EGBB,EKCH
6813,VOBL,VABB
6814,SBGR,SBRJ
6815,EDDM,EPWA
6816,KSDF,KOMA
6817,LFPO,LFBO
6818,SBKP,SBVT
6819,PANC,KSEA
6820,EHAM,LEMD
6821,EDDM,EDDH
6822,KDAL,KHOU
6823,YPAD,YMML
6824,OMDB,VECC
6825,YMML,YSSY
6826,TJSJ,KEWR
6827,KSDF,KDTW
6828,71KY,EBBR
6829,ULLI,UUWW
6830,PANC,KPDX
6831,SBSP,SBBR
6832,EHAM,LFBO
6833,WMKK,VHHH
6834,OTHH,EDDF
6835,LOWW,UKBB
6836,KBOS,KPHL
6837,KSDF,KMKE
6838,KIND,KMIA
6839,LSGG,LFPB
6840,ULMM,UUEE
6841,SBRJ,SBBR
6842,EGAA,EGKK
6843,EDDL,LEPA
6844,EHAM,LDZA
6845,KONT,KDEN
6846,EGBB,EHAM
6847,EDDF,KATL
6848,YKMP,YSBK
6849,YMMB,YMNG
6850,KIND,KOMA
6851,UUEE,ULLI
6852,EDTQ,EDDS
6853,EGGP,EGAA
6854,FACT,FALS
6855,LIPE,EGSS
6856,KIND,KORD
6857,EPKK,EGCC
6858,EGAA,EGGD
6859,EGKK,LEAL
6860,LFPG,LIPZ
6861,KIND,KBOS
6862,YLTV,YMEN
6863,EDDB,ESSA
6864,ESPA,ESSA
6865,KMIA,SKBO
6866,KSDF,KDEC
6867,SBGL,SBSP
6868,KBOS,KORD
6869,LIMC,LFPG
6870,RJTT,RJOO
6871,VHHH,RKSI
6872,VABB,VOMM
6873,RCTP,VHHH
6874,TJSJ,KEWR
6875,RKSI,VHHH
6876,KBWI,KL65
6877,FAOR,FACT
6878,WMSA,WMKJ
6879,KBOS,KEWR
6880,VHHH,RCTP
6881,KSDF,EDDK
6882,SBGR,SPJC
6883,KIAD,SKBO
6884,VABB,VIDP
6885,VOMM,VABB
6886,EDDF,LIRF
6887,SBRJ,SBVT
6888,EFHK,EFOU
6889,WSSS,WMKK
6890,KONT,KMHR
6891,LSZH,LEMD
6892,GMMN,LFPG
6893,YSSY,RJTE
6894,UWLL,UUEE
6895,RJTT,RJOS
6896,UUDD,ULMM
6897,KBOS,KRSW
6898,RCTP,KLAX
6899,YBBN,YMML
6900,LSGG,LEMG
6901,RKSI,RPLL
6902,LEMD,LFPO
6903,KBUF,KSYR
6904,YPPH,YMML
6905,SBGL,SSJC
6906,LEMD,LEMG
6907,ENBR,ENGM
6908,VIDP,VABB
6909,YSSY,YKEL
6910,EPSC,EPWA
6911,YBBN,YSSY
6912,LPPT,LSGG
6913,EETN,EVRA
6914,EDDM,EDDK
6915,UUWW,ULLI
6916,EPGD,EHAM
6917,OMDB,UAAA
6918,LEMG,EGGP
6919,ULLI,UUWW
6920,RCTP,VMMC
6921,SBSP,SSJC
6922,UUDD,ULLI
6923,RJOO,RJTT
6924,LKPR,UKBB
6925,RKSI,VHHH
6926,KADS,KDFW
6927,ENZV,ENGM
6928,LTAC,LTFJ
6929,EDDL,ENGM
6930,UUWW,OMDW
6931,CYUL,CYYZ
6932,EPWA,EYKA
6933,LKPR,EGPH
6934,EDDH,EPWA
6935,LTAC,LTFJ
6936,GMMN,LEMD
6937,WMKK,WMKJ
6938,EDDM,LPPT
6939,RKSI,RCTP
6940,YMML,YCBG
6941,LEMG,LPPT
6942,KMSP,KDFW
6943,EHAM,KBOS
6944,LKPR,EHAM
6945,EDDM,EHAM
6946,RJTT,RJOA
6947,KMIA,KDFW
6948,LFRS,LFPG
6949,KIND,KDTW
6950,EGPH,EDDM
6951,KSDL,KLAS
6952,RCQC,RCKH
6953,SBSP,SBRJ
6954,SBGR,SSJC
6955,ESSA,ESNP
6956,VIDP,VOBG
6957,KAFW,KDEN
6958,RJTT,RJOM
6959,WSSS,VABB
6960,EDDL,LEMG
6961,KSLC,KRIR
6962,OMDB,EGCC
6963,VHHH,RCTP
6964,KVNY,KHWD
6965,PANC,KORD
6966,EDDS,EHAM
6967,KATL,SKMA
6968,EBMB,LIRF
6969,EGPH,EIDW
6970,VIDP,VABB
6971,LEMD,LEBL
6972,KYKM,KBFI
6973,LPPR,LFPO
6974,EGJJ,EGGP
6975,LFPG,CYVR
6976,CYYC,CYVR
6977,KRDU,KDFW
6978,KAFW,KTUL
6979,EGSS,EGPG
6980,KONT,KSLC
6981,KIND,KFKA
6982,EDDF,LEMD
6983,LEMD,LEPA
6984,LSGG,EBMB
6985,EDDF,EHAM
6986,NZAA,VHHH
6987,VIDP,VOMM
6988,EDDP,EGNX
6989,YBCG,YMML
6990,LEAL,EGGD
6991,SKBO,KMIA
6992,OMDB,RKSI
6993,LPPT,EIDW
6994,YPAD,YCVG
6995,RJOO,RJTT
6996,KDFW,KSAT
6997,KOAK,KSLC
6998,LEMD,EGKK
6999,EGPH,EHAM
7000,YSSY,YMML
7001,LFST,LFTW
7002,EDDH,EBBR
7003,KIND,KBWI
7004,LPPT,EGGW
7005,LSZH,EDDH
7006,YBMC,YMML
7007,YPJT,YMUL
7008,KAFW,KLAX
7009,VHHH,YSSY
7010,LFPG,EHAM
7011,KEWR,KDTW
7012,PANC,KSEA
7013,KLDJ,KTEB
7014,KSDL,KLAS
7015,UUEE,RKSI
7016,ULLI,UUEE
7017,ESGG,EHAM
7018,EDDB,EBBR
7019,YCBG,YMML
7020,VHHH,PANC
7021,LEAL,EGKK
7022,KRSW,KDTW
7023,VOMM,VOBL
7024,71KY,OBBI
7025,KRFD,67KY
7026,KBOS,KCLT
7027,SKBO,KMIA
7028,EDDB,EHAM
7029,RCTP,VHHH
7030,OMDB,EGLL
7031,VABB,VOBL
7032,KMIA,TBPB
7033,SBJD,SBSP
7034,ELLX,LEBL
7035,WMSA,WMKJ
7036,KLGA,CYYZ
7037,VECC,VOBL
7038,KBOS,KDTW
7039,ESGG,EDDF
7040,LSGG,EHAM
7041,EGLL,KSFO
7042,ESSA,EIDW
7043,LSZH,LOWW
7044,KDPA,0WI5
7045,KFLL,KDTW
7046,KOAK,KSEA
7047,LIML,LEMD
7048,EBMB,LEMD
7049,KONT,KPDX
7050,UUWW,EDDK
7051,LIRF,LEMD
7052,KFLL,KATL
7053,LIPZ,LIPH
7054,KLGA,KORD
7055,EHAM,EDDL
7056,LTFJ,UUWW
7057,KDTW,KPHX
7058,CYUL,CYYZ
7059,FAOR,FACT
7060,KBOS,KJFK
7061,OTHH,EGLL
7062,KHPN,KTTN
7063,KDCA,KATL
7064,KDAB,KATL
7065,KSDF,KATL
7066,KSTL,KPHL
7067,ENZV,ENGM
7068,KBWI,KATL
7069,EDDF,KEWR
7070,KMIA,KATL
7071,SBRJ,SBGR
7072,RKSI,VHHH
7073,EDDM,EBBR
7074,ENGM,ENZV
7075,VHHH,YSSY
7076,EHAM,OTHH
7077,KRSW,KDTW
7078,UKKK,EGGW
7079,SBKP,SBRJ
7080,KDCA,KDTW
7081,LIPZ,EPWA
7082,RCTP,VHHH
7083,KEWR,KATL
7084,LFBO,EBMB
7085,LSZH,EDDL
7086,KOAK,KPDX
7087,KMDT,KDTW
7088,KRDU,KORD
7089,LIRA,EGSS
7090,ELLX,OTHH
7091,LFPO,LPFR
7092,ESSB,ESMT
7093,KCMH,KATL
7094,LEMG,LEMD
7095,EDDM,EDDV
7096,VOMM,OMDB
7097,LEMD,LEAL
7098,KBOS,KORD
7099,KGRR,KATL
7100,KORD,ELLX
7101,KPHL,KORD
7102,RKSI,KLAX
7103,EGLL,KJFK
7104,KOAK,KRIR
7105,KDCA,KORD
7106,LEAL,LEBL
7107,OMSJ,OBBI
7108,KRDU,KATL
7109,KBOS,KBWI
7110,KCLT,KDTW
7111,KBWI,KCLT
7112,EKYT,EKCH
7113,LFBO,LFPO
7114,KFLL,KATL
7115,EYKA,EPWA
7116,KPIE,KMDT
7117,KSDF,KDTW
7118,LTBA,EDDF
7119,TJSJ,KEWR
7120,EGLL,LEMD
7121,KBOS,KDCA
7122,LFRS,EHAM
7123,KDCA,KLGA
7124,KMDT,KORD
7125,VIDP,VABB
7126,KEWR,KFLL
7127,KLGA,KDTW
7128,KORF,KDTW
7129,EGNS,EIDW
7130,KRSW,KATL
7131,KAVP,KCLT
7132,KFLL,KLGA
7133,KOAK,KLAS
7134,RCTP,VHHH
7135,KPHL,KDTW
7136,LFLB,LFPB
7137,KFAY,KATL
7138,KPHL,KDTW
7139,KBWI,KORD
7140,RJOA,RJTT
7141,KATL,KPHL
7142,UUEE,EDDP
7143,KORL,KBOS
7144,CYQG,CYYZ
7145,WMKK,VIDP
7146,KTPA,KATL
7147,KSRQ,KATL
7148,SBRJ,SSJC
7149,CYOW,CYYZ
7150,YMML,YSSY
7151,KABE,KORD
7152,YPAD,YMML
7153,EHAM,EGLL
7154,KBWI,KDTW
7155,LKPR,LFPG
7156,KOAK,KSAN
7157,KTYS,KPHL
7158,LIRF,LFPG
7159,KBUY,KMMU
7160,EDDM,EDDW
7161,KLGA,KATL
7162,KBUF,KORD
7163,LFPG,EGLL
7164,KORF,KORD
7165,LSZB,LSZV
7166,KDFW,07KY
7167,SBRJ,SBBR
7168,KJFK,KATL
7169,KBOS,KMDW
7170,EBKT,LFLB
7171,KORL,KDFW
7172,KSDF,KMSP
7173,KATL,KFLL
7174,KOAK,KPHX
7175,KLGA,KMIA
7176,KBWI,KTPA
7177,KMDT,KATL
7178,EDDF,KSEA
7179,UUEE,EBBR
7180,KEWR,KMIA
7181,KBUF,KJFK
7182,EKCH,EHAM
7183,RJBB,RJAA
7184,VECC,VIDP
7185,KJFK,KMIA
7186,KIND,KATL
7187,KEWR,KORD
7188,KABE,KCLT
7189,KORF,KMIA
7190,KLGA,KATL
7191,KBOS,KPHL
7192,KOAK,KLAX
7193,KTPA,KDTW
7194,KCLT,KATL
7195,LSZM,LPPT
7196,KDFW,KORD
7197,KTPA,KBWI
7198,LEMG,EGCC
7199,KISP,KBWI
7200,KEWR,CYYZ
7201,VIDP,VOBL
7202,YSSY,RCTP
7203,OMDB,LFPG
7204,KIND,KBWI
7205,KDAY,KDFW
7206,WBKK,WMKJ
7207,KALB,KORD
7208,KPHL,KPHX
7209,KBOS,KMCO
7210,KTYS,KATL
7211,LFPO,LPPR
7212,EGGP,EGNS
7213,KBOS,KATL
7214,LOWW,EHAM
7215,TJSJ,KATL
7216,YBCG,YSSY
7217,EHAM,LIRF
7218,KTPA,KATL
7219,KIND,KDCA
7220,SBVT,SBSP
7221,KMKC,KLUK
7222,EDDM,KIAD
7223,KBOS,KDFW
7224,KEWR,KCLT
7225,EBLG,KJFK
7226,EDDK,LFPG
7227,VIDP,VECC
7228,RJTT,RJOM
7229,CYYC,CYVR
7230,EHAM,ELLX
7231,EGLL,KMIA
7232,KDCA,KMDW
7233,KEWR,KSFO
7234,VIDP,VOMM
7235,KDTW,KLAS
7236,KBOS,KMIA
7237,KPIE,KBLV
7238,KATL,KORD
7239,LFML,LFPO
7240,VHHH,OTHH
7241,YSSY,WMKK
7242,KBOS,KJFK
7243,KCVG,KPHL
7244,LFBD,LFPG
7245,KLGA,KMDW
7246,LIPZ,EHAM
7247,KSTL,KRIR
7248,EHAM,EIDW
7249,LIML,LIRA
7250,KONT,PANC
7251,KABE,KDTW
7252,EGLL,CYYZ
7253,KATL,KDFW
7254,LEAL,EKCH
7255,KIND,KLCK
7256,KCMH,KEWR
7257,YSSY,RCTP
7258,KMKE,KPHL
7259,EGBB,EGPH
7260,EDDH,EDDS
7261,KDEN,KRIR
7262,KONT,67KY
7263,SBRJ,SBSP
7264,VABB,VIDP
7265,CYYZ,CYYC
7266,KDTW,KFLL
7267,SBGL,SKMA
7268,EDDF,ENGM
7269,RCTP,KLAX
7270,KDAY,KATL
7271,SBKP,SSJC
7272,VIDP,VABB
7273,KRDU,KPHL
7274,LEMD,OMDB
7275,KDCA,KRSW
7276,KTYS,KDFW
7277,KISP,KPHL
7278,NK43,KORD
7279,KDTW,KPHL
7280,LFPG,LFRN
7281,KONT,KABQ
7282,RJOO,RJOM
7283,EGLL,VHHH
7284,SBKP,SBVT
7285,EGKK,LEPA
7286,GMMN,LIPE
7287,KIAD,KDTW
7288,EHAM,KORD
7289,LFPG,LIRF
7290,KBDR,KHPN
7291,EPWA,EHEH
7292,49OH,KATL
7293,KONT,KOAK
7294,RJOO,RJTT
7295,YMML,YBBN
7296,KSRQ,KBWI
7297,VHHH,RCTP
7298,VIDP,VAPO
7299,EGLL,EBBR
7300,KAFW,KTUL
7301,KACY,KFLL
7302,KHPN,KCLT
7303,VECC,VIDP
7304,VOMM,VABB
7305,WBKK,WMKK
7306,KLGA,KBNA
7307,GMMN,LFPG
7308,EDDB,LFPG
7309,OMDW,VHHH
7310,LPPR,LPPT
7311,KGSO,KATL
7312,EGLL,KATL
7313,LIME,LTFJ
7314,VABB,VIDP
7315,KBOS,KDFW
7316,VOTP,VOBL
7317,KPHL,KORD
7318,ENGM,LEMG
7319,LOWS,EGKB
7320,NZAA,NZCH
7321,LPPT,LEMD
7322,LFPO,LPFR
7323,KROC,KBWI
7324,LEAL,EDDL
7325,EPGD,EPWA
7326,RPLL,OMDB
7327,LSZH,KIAD
7328,NZCH,NZAA
7329,KCLE,KPHL
7330,KBOS,KBNA
7331,KORD,KBFI
7332,VHHH,RPLL
7333,NK43,KDCA
7334,GMMN,LFPO
7335,KMSS,KBOS
7336,KRDU,KISO
7337,SBSP,SBBR
7338,KMDT,KCLT
7339,KPIT,KDUJ
7340,RJOO,RJTT
7341,SBRJ,SBVT
7342,CYYZ,KDTW
7343,FAOR,FACT
7344,LFPO,LFML
7345,WMKJ,WMSA
7346,KSYR,KDTW
7347,VOMM,VIDP
7348,RCQC,RCKH
7349,KEWR,KORD
7350,LEPA,LEMD
7351,KFLL,KLAX
7352,KPHL,KDFW
7353,KUNV,KPHL
7354,ENBO,ENGM
7355,EDDF,ESSA
7356,LPPR,LEMD
7357,KTPA,KMIA
7358,KPHL,KATL
7359,KDVT,AZ00
7360,SPJC,CYUL
7361,KJFK,PANC
7362,RCTP,KLAX
7363,UWWW,UUDD
7364,LGAV,EGLL
7365,KFLL,KMSP
7366,KCVG,KATL
7367,EGSS,LIPZ
7368,KCMH,KPHL
7369,VECC,VIDP
7370,KBWI,KFLL
7371,CYYZ,KPHL
7372,LROP,EDLW
7373,CYUL,CYYZ
7374,KLGA,KCLT
7375,WMKJ,WMKK
7376,KJFK,KCLT
7377,KAVP,KORD
7378,RJTT,RJOA
7379,OMDB,VOBL
7380,VOBL,VECC
7381,KGRR,KDTW
7382,KORF,KORD
7383,VABB,VOMM
7384,LFBD,EHAM
7385,KATL,KMCO
7386,YSSY,YMML
7387,KBWI,KTPA
7388,KORD,KPHL
7389,KJFK,SKMA
7390,KPHL,KCLT
7391,KBOS,KPYM
7392,KDCA,KORD
7393,SBGR,SBBR
7394,KDTW,KCLT
7395,VHHH,WSSS
7396,KCMH,KBWI
7397,KCLE,KMIA
7398,KTPA,KPHL
7399,KORF,KCLT
7400,LEMD,LFPG
7401,LEPA,LSZH
7402,SBKP,SBBR
7403,EPWA,EHAM
7404,KTYS,KPHL
7405,KDAY,KPHL
7406,EIDW,KEWR
7407,LFPG,EKCH
7408,EHAM,LPPT
7409,EDDM,LTFJ
7410,KPIT,KFLL
7411,49OH,KATL
7412,LSGG,LPPR
7413,KBWI,KFLL
7414,RJTT,RJBB
7415,YBBN,YPPH
7416,KPHL,KFLL
7417,ULMM,ULLI
7418,VHHH,RCTP
7419,KDTW,KATL
7420,KORF,KATL
7421,KTPA,KFLL
7422,KLGA,KFLL
7423,KMSP,KATL
7424,LFPG,LLBG
7425,KRDU,KETC
7426,KRDU,KORD
7427,KDFW,KRIR
7428,KIND,KDTW
7429,CYOW,CYYZ
7430,LPPR,LSGG
7431,LFPG,CYUL
7432,EDDM,LSZB
7433,WSSS,WMKK
7434,YSSY,NZAA
7435,KLGA,KORD
7436,KMSP,KPHX
7437,KBUF,KPHL
7438,KDCA,KPHL
7439,MROC,KMIA
7440,VABB,VOMM
7441,KPHL,KATL
7442,VIDP,VOBL
7443,LFPG,LPPR
7444,RJOA,RJTT
7445,KMSN,KPHX
7446,LIRF,EHAM
7447,KCMH,KDCA
7448,KPHL,KMIA
7449,KPIT,KEWR
7450,KBNA,KDFW
7451,UWWW,UUDD
7452,KBWI,KPHX
7453,KBOS,KSLC
7454,RCQC,RCKH
7455,GMMN,EBBR
7456,LFPG,LFRS
7457,OTHH,RKSI
7458,KIAD,KSFO
7459,SBGR,SSJC
7460,RKSI,RCTP
7461,KPYM,KBED
7462,ELLX,EIDW
7463,KCLT,KORD
7464,EDDM,LEPA
7465,EGSS,LKPR
7466,LSGG,LEMD
7467,KBWI,KSAN
7468,KFLL,KIAD
7469,KLGA,KDFW
7470,KRDU,KETC
7471,KSEA,KAFW
7472,KAPF,KHPN
7473,EBMB,OMDB
7474,VOBL,VABB
7475,LEAL,LEPA
7476,YMEN,YYEA
7477,KCLE,KDTW
7478,EGKK,TLPC
7479,KMCI,KMIA
7480,RCTP,WSSS
7481,KMIA,KPHL
7482,LIMC,EDDP
7483,VIDP,VABB
7484,KTEB,KLDJ
7485,KBMI,KDFW
7486,KORF,KPHL
7487,EDDK,EGLL
7488,UUDD,ULLI
7489,VIDN,VIDP
7490,KORD,KMIA
7491,KRDU,KISO
7492,LFOB,LIBD
7493,EGJB,EGHI
7494,EGCC,LPPT
7495,OTHH,EGLL
7496,KCMH,KDTW
7497,RCTP,KSFO
7498,LIRF,LFPG
7499,VIDP,VOMM
7500,YSSY,NZAA
7501,YPPH,YMML
7502,KSTL,KRIR
7503,KFLL,KPHL
7504,VOBL,VIDP
7505,EDDM,LMML
7506,LEMD,VIDP
7507,RKSI,KSFO
7508,KBUF,3NK5
7509,KINJ,KGPM
7510,UUEE,EGLL
7511,KCMH,KFLL
7512,KSFF,MT54
7513,FAOR,WSSS
7514,KIND,KMIA
7515,KDEN,KOAK
7516,KAUS,KDFW
7517,MA72,KBOS
7518,KPIT,KLNS
7519,KPHL,KMCO
7520,EKCH,KEWR
7521,WMKK,VABB
7522,EGPF,EGKR
7523,LGAV,LSZH
7524,KSDF,KDFW
7525,LEAL,EBBR
7526,EGCC,LIRA
7527,KPGD,KIAG
7528,EFHK,EETN
7529,VHHH,WSSS
7530,RKSI,KLAX
7531,YPPH,YMML
7532,WSSS,RCTP
7533,KMDT,KORD
7534,LHBP,EHAM
7535,LPPR,LSZH
7536,LFPG,LFBD
7537,FAOR,FACT
7538,EHAM,VIDP
7539,KDTW,KISM
7540,KBUF,KSDF
7541,EGJJ,EGHH
7542,KRDU,KBWI
7543,KDCA,KBNA
7544,KBNA,KORD
7545,LPPT,LFML
7546,KEWR,KIAD
7547,LEPA,LEIB
7548,KBOS,KSEA
7549,KIND,KMSP
7550,VOMM,VIDP
7551,SBKP,SBRJ
7552,LEMG,LSZH
7553,KRDU,KDTW
7554,EDDM,LEBL
7555,OERK,OMAA
7556,LFPG,EHAM
7557,KCLE,KBWI
7558,EGNT,EHAM
7559,KSYR,KORD
7560,KROC,KPHL
7561,EKCH,EGLL
7562,KIAD,KTEB
7563,VABB,VIDP
7564,KORL,KPHL
7565,EDDF,EDDM
7566,LFPG,EIDW
7567,KLEB,KBOS
7568,EGLF,EGKB
7569,YSSY,YBBN
7570,YMML,YBBN
7571,EPKK,EGKR
7572,EVRA,EGGW
7573,KONT,KBFI
7574,EDPK,EDMY
7575,7PN0,KXLL
7576,OPMT,OMDB
7577,KMIA,KSDF
7578,SBGR,SBBR
7579,KMVY,KBOS
7580,UUDD,LOWW
7581,VOBL,VIDP
7582,KABE,KATL
7583,EDDF,LHBP
7584,KMDT,KDFW
7585,KIAD,KCLT
7586,KEWR,KRSW
7587,OBBI,VOBL
7588,EDDL,LEPA
7589,RCTP,VHHH
7590,KPHL,KRDU
7591,LEPA,EDDF
7592,KDCA,KATL
7593,KROC,KORD
7594,KRSW,KATL
7595,LFPG,LFBO
7596,KAUS,KATL
7597,KMKE,KATL
7598,EKCH,OMDB
7599,SBRJ,SBSP
7600,09PA,KORD
7601,KORL,KBOS
7602,VIDP,VABB
7603,KMSP,4IL3
7604,KBNA,KPHL
7605,FAOR,FACT
7606,KSDF,KMCI
7607,KDCA,KFLL
7608,LPPT,LEBL
7609,KBUF,3NK5
7610,LIBD,LIME
7611,KRSW,KMSP
7612,KMMU,KHPN
7613,WMKJ,WMKK
7614,KGRR,KMSP
7615,EVRA,EFHK
7616,KTPA,KMSP
7617,KORD,KPHX
7618,EFHK,EHAM
7619,KIAD,KORD
7620,EGCC,LFPG
7621,KDFW,KATL
7622,KDCA,KATL
7623,EGLL,KMIA
7624,KPHL,KRSW
7625,KEWR,KLAX
7626,LSZH,LEPA
7627,KLEB,KHPN
7628,KSTL,KDFW
7629,EKCH,LSZH
7630,KRSW,KPHL
7631,KPIT,KPHL
7632,KRDU,KMIA
7633,KORL,KSEA
7634,KFLL,KORD
7635,EGCC,EGAC
7636,KPHL,KFLL
7637,KHMZ,KCXY
7638,RJBB,RJTT
7639,KSTL,KMSP
7640,KDCA,KLGA
7641,EDDK,EIDW
7642,YMML,NZAA
7643,KCLT,KLGA
7644,KTPA,KORD
7645,KSGF,KATL
7646,KMIA,KMSP
7647,KECP,KATL
7648,SBGR,SBGL
7649,KCMI,KORD
7650,KDAY,KDTW
7651,EDDF,LIPZ
7652,KHSV,KATL
7653,KEWR,KATL
7654,KDFW,KMIA
7655,ESSA,EHAM
7656,KPHL,KBNA
7657,EBCI,LTFJ
7658,KFLL,KHOU
7659,UMMS,EPWA
7660,KORF,KDFW
7661,EDDF,LSZH
7662,KDCA,KLAX
7663,EGLL,LFPG
7664,KHPN,KRSW
7665,KATL,KSLC
7666,KBUY,KOSU
7667,RJTT,RJBB
7668,KRDU,KCLT
7669,KTUL,KATL
7670,KDFW,KDTW
7671,EPKK,EPWA
7672,KPIT,KLGA
7673,KSTL,KPHX
7674,KPGD,KMCI
7675,KJFK,KFLL
7676,ESSA,ESMS
7677,KBOS,KEWR
7678,KORF,KDCA
7679,EGAA,EGGP
7680,KONT,KPHX
7681,KATL,KFLL
7682,EDDF,EKCH
7683,KTEB,KTTN
7684,KLAX,EDDP
7685,LPPT,LFOB
7686,KTPA,KSEA
7687,VECC,VIDP
7688,LFST,LFTW
7689,KFLL,KBKL
7690,KDFW,KDEN
7691,KSYR,KBUF
7692,EDVE,ESMS
7693,KRSW,KDFW
7694,KATL,KMIA
7695,KDTW,KATL
7696,KDCA,KJFK
7697,KBOS,KMSP
7698,KBWI,KBOS
7699,WMKJ,WMSA
7700,VOBL,OMDB
7701,LSZH,EHRD
7702,KSDF,KDEN
7703,KBUF,KDFW
7704,SBVT,SBRJ
7705,KLGA,KMIA
7706,KSTL,KATL
7707,RJTT,RJBB
7708,LEMD,LPPT
7709,EDDF,EBBR
7710,OTHH,LEZG
7711,KSGF,KDFW
7712,EDDF,BIKF
7713,KFLL,KATL
7714,KORF,KBWI
7715,LPPT,LSZH
7716,KSRQ,KATL
7717,PANC,RCTP
7718,KRSW,KIAD
7719,KDFW,KSLC
7720,KEWR,KATL
7721,KMIA,KLGA
7722,KCVG,CYMX
7723,EDDF,CYYZ
7724,KSAT,KLAX
7725,KBWI,KATL
7726,KPDX,KBFI
7727,EGLL,KDFW
7728,KIND,KORD
7729,KORD,KSEA
7730,EIDW,LEMG
7731,KHPN,KBED
7732,LIME,LEBL
7733,KBWI,KMIA
7734,KIAD,KATL
7735,ESSA,LTFJ
7736,RPLL,WSSS
7737,KRDU,KFLL
7738,KMIA,KATL
7739,OMDB,OBBI
7740,KMDT,KPHL
7741,KSPI,KMDW
7742,KSYR,KPHL
7743,KATL,KLAX
7744,LSZH,EHAM
7745,EDDS,LTFJ
7746,LIRF,LIPX
7747,KGSO,KORD
7748,VABB,VOMM
7749,KCMH,KCLT
7750,UUEE,KJFK
7751,KFLL,KDTW
7752,KJFK,KFLL
7753,EGGD,EGAA
7754,KSRQ,KIAD
7755,KPHL,KATL
7756,KLGA,KDAL
7757,KORL,KDEN
7758,KTPA,KATL
7759,SBRJ,SBGR
7760,SBGR,SBRJ
7761,KSTL,KORD
7762,KTPA,KDFW
7763,KPHL,KMSP
7764,EGLL,LIRF
7765,YMML,YSSY
7766,KATL,KFLL
7767,KMDW,KHOU
7768,KBWI,KDFW
7769,KFLL,KDFW
7770,VIDP,VOBL
7771,KVNC,KFXE
7772,KBUF,KORD
7773,VABB,VOBL
7774,ESSA,LFPG
7775,VHHH,VIDP
7776,KMCI,KATL
7777,ULLI,ULMM
7778,CYXE,CYYZ
7779,EDDK,EDDM
7780,RJTT,KLAX
7781,ENVA,ENGM
7782,ENZV,ENGM
7783,EDDF,LSGG
7784,KAFW,KOAK
7785,VECC,VIDP
7786,EGKK,LIML
7787,KMIA,KBWI
7788,SBBR,SBSP
7789,EGLF,EGKB
7790,KIAD,KATL
7791,KCMH,KMIA
7792,KFLL,KATL
7793,KROC,KJFK
7794,EGLL,KIAD
7795,LPPT,LSZH
7796,WBKK,WMKK
7797,WSSS,VOBL
7798,KSYR,KJFK
7799,VIDP,VECC
7800,OMDB,VOMM
7801,UKBB,EHAM
7802,GMMN,LIMC
7803,KDFW,KFLL
7804,SBRJ,SBCO
7805,KORL,KMSP
7806,KLGA,KRSW
7807,KOMA,4IA8
7808,EDDH,EDDM
7809,ESSA,UMMS
7810,SBGR,SBVT
7811,KDFW,KHHR
7812,LTFJ,LTAC
7813,KBOS,KATL
7814,KPIT,KATL
7815,LEMG,LEMD
7816,KSTL,KMIA
7817,KMCI,KDFW
7818,KCMH,KORD
7819,KGSO,KCLT
7820,EDDF,OBBI
7821,KJFK,KTPA
7822,EDDL,LTFJ
7823,EDDF,OMDB
7824,KBUF,KDTW
7825,KBWI,KSDF
7826,KCLT,KMDW
7827,KMIA,KDFW
7828,KATL,KTPA
7829,KBOS,TXKF
7830,KTPA,KJFK
7831,KFLL,KBNA
7832,KMSN,KATL
7833,LFPG,LFML
7834,KLAN,KDTW
7835,KJFK,KMIA
7836,KRSW,KATL
7837,ENGM,EHAM
7838,VOBL,VOMM
7839,KATL,KORD
7840,EDDF,EDDH
7841,EHAM,UKBB
7842,KMIA,KIAD
7843,LEMD,LIRF
7844,UNEE,UUEE
7845,KGAI,KFDK
7846,KRDU,KDFW
7847,KBWI,KMSP
7848,KPIT,KBOS
7849,VIDN,VOBL
7850,KORL,KRIR
7851,KDCA,KMIA
7852,EGKK,LICC
7853,KDAY,KORD
7854,KATW,KORD
7855,MROC,KMIA
7856,SBBR,SBGR
7857,LIRF,LIMF
7858,KMCI,KATL
7859,EGAA,EGCC
7860,KBMI,KATL
7861,LEPA,LEBL
7862,KCMH,KEWR
7863,KFLL,KSLC
7864,49OH,KORD
7865,KDTW,KRSW
7866,KTPA,KLGA
7867,KRDU,KATL
7868,KBOS,KSDF
7869,EFOU,EFHK
7870,KTUL,KDFW
7871,KBWI,KDAL
7872,YLTV,YMMB
7873,WSSS,VOMM
7874,KATL,KDTW
7875,KCMH,KLGA
7876,KDAL,KSAT
7877,PANC,KORD
7878,KTYS,KORD
7879,SBBR,SBRJ
7880,KDCA,KDFW
7881,KTUL,KLAS
7882,KRDU,KMSP
7883,KMDW,KATL
7884,KBOS,KSEA
7885,OMDB,EGLL
7886,KIND,KEWR
7887,KTPA,KIAD
7888,KCVG,KMDT
7889,KORD,KFLL
7890,RCTP,VHHH
7891,KORL,KPHL
7892,UUDD,ULLI
7893,KMCI,KORD
7894,FACT,FALA
7895,EKCH,LTFJ
7896,KLGA,KMSP
7897,EGKK,EGAA
7898,RKSI,VHHH
7899,EPWA,EDDM
7900,KMSP,KRSW
7901,KPHX,KRIR
7902,WMKK,WSSS
7903,KIAH,KPHX
7904,KLOM,CT52
7905,KBUF,KATL
7906,SBSP,SBRJ
7907,KBNA,KMIA
7908,SBGR,SBBR
7909,LPPT,EIDW
7910,RCQC,RCKH
7911,KPHL,KDFW
7912,KMMU,NK07
7913,YMML,WSSS
7914,KGRB,KORD
7915,KRDU,KMDW
7916,KTYS,KATL
7917,VAPO,VIDP
7918,KORD,KMSP
7919,KGSO,KATL
7920,FAGC,FACT
7921,KTEB,KPWK
7922,KN47,KDYL
7923,KSTL,KPHX
7924,OMDB,UUDD
7925,KBNA,KCLT
7926,KCLE,KATL
7927,KIAH,KL65
7928,EDDF,ESSA
7929,KATL,KPIM
7930,EGLL,LSZH
7931,KSAT,KATL
7932,LFPG,CYVR
7933,KMSP,KORD
7934,NZCH,NZPM
7935,KBWI,KORD
7936,KGSO,KMIA
7937,YMML,YBBN
7938,EDDH,LEIB
7939,KRSW,KBOS
7940,RKSI,KLAX
7941,SBBR,SBSP
7942,ENGM,ENVA
7943,KFLL,KSEA
7944,LIRF,LIMJ
7945,KBNA,KDTW
7946,KBUF,KJFK
7947,KTPA,KISP
7948,LEPA,EDDL
7949,KMKE,WS25
7950,KMIA,KCMH
7951,KCLT,KMIA
7952,KPDK,KHPN
7953,KORL,KLAS
7954,KATL,KMCI
7955,KPAN,KPHX
7956,LMML,EDDF
7957,LIRF,LIML
7958,KORL,KLGA
7959,KFLL,KLAX
7960,EHAM,ENGM
7961,SBCO,SBSP
7962,LPPT,LFPG
7963,KHYA,KBOS
7964,EDDF,KORD
7965,KCRP,KDFW
7966,ULLI,UUMO
7967,LEMD,EGNX
7968,7OH2,KORD
7969,KBNA,KDEN
7970,LFPG,LIMC
7971,YBBN,RCTP
7972,EETN,EVRA
7973,KCLT,KBOS
7974,KATL,KMDW
7975,KIAD,KLAX
7976,KORL,KLAX
7977,EDDF,CYUL
7978,YBBN,YMML
7979,EDDK,EGNX
7980,LPPT,EDDF
7981,KCLE,KLGA
7982,KFLL,KRDU
7983,KMKE,KOSH
7984,KORL,KDFW
7985,RPLC,RPLL
7986,KORF,KEWR
7987,KMSN,KATW
7988,VOMM,VIDP
7989,LFBO,EHAM
7990,ULLI,UUEE
7991,EHAM,LTFJ
7992,SKBO,KMIA
7993,KRDU,KJFK
7994,RKSI,VHHH
7995,KORD,KATL
7996,VABB,VECC
7997,KFLL,KACY
7998,LEPA,LEIB
7999,ENBR,ENZV
8000,LPPT,LFPO
8001,EDDV,EDDM
8002,EIDW,EGLL
8003,OBBI,VHHH
8004,KSLC,KSDF
8005,KIND,KORD
8006,KORF,KIAD
8007,EGKK,EGPH
8008,SBSP,SBRJ
8009,LOWW,EDLW
8010,OTHH,EGLL
8011,LEZL,LEMD
8012,KDAY,KORD
8013,OERK,OBBI
8014,KTPA,KHOU
8015,KDAL,KISM
8016,WSSS,OTHH
8017,KHOU,KDFW
8018,EDDM,LFPG
8019,KBOS,KRSW
8020,VABB,VIDP
8021,KRSW,KDTW
8022,YSEN,YPJT
8023,CYYC,CYVR
8024,EIDW,EGMC
8025,LPPT,LFPO
8026,EGLL,KJFK
8027,OMDB,LKPR
8028,K4D0,KORD
8029,KCVG,KLGA
8030,KIAD,KBED
8031,LROP,LIBD
8032,KGRB,KDTW
8033,KSAT,KDFW
8034,SBBR,SBRJ
8035,KSEA,KORD
8036,KBFI,KYKM
8037,WMKK,OTHH
8038,EGNX,EDDP
8039,EBMB,EIDW
8040,KFTW,KSAT
8041,KCWA,KMSP
8042,KORL,KLGA
8043,KJFK,KDEN
8044,KSTL,KORD
8045,CYYZ,KATL
8046,KMSP,KMIA
8047,TJSJ,KMIA
8048,KSAT,KLAS
8049,KCLE,KLAS
8050,SBBR,SBSP
8051,KAUS,KEWR
8052,KBNA,KISM
8053,KATL,KMIA
8054,KRDU,KSEA
8055,KTYS,KDTW
8056,KEWR,KMSP
8057,LEPA,LEMH
8058,VOBL,VECC
8059,KATL,KHHR
8060,LIRF,LIPQ
8061,KSYR,KATL
8062,LFRS,LSGG
8063,EVRA,UUWW
8064,KMIA,KORD
8065,KBOS,KMIA
8066,LROP,OMDB
8067,KFLL,SC78
8068,EGLL,OMAA
8069,KBNA,KMDW
8070,KMSP,KRSW
8071,KMKE,KORD
8072,KJYO,KOKV
8073,KSDF,KORD
8074,KLAX,KPHX
8075,KXLL,7PN0
8076,KORL,KJFK
8077,EDDF,LEBL
8078,KATL,KBWI
8079,KPIT,KEWR
8080,KOMA,KATL
8081,OMDB,VHHH
8082,VOBL,VIDP
8083,KCLT,KDFW
8084,EGSS,LTFJ
8085,EHAM,EGLL
8086,KMCI,KIAD
8087,KJFK,KTPA
8088,LSZM,LTFJ
8089,KRDU,KEWR
8090,KSTL,KRIR
8091,ENGM,ENBO
8092,VIDP,VECC
8093,LIRF,LSZH
8094,LIML,LICJ
8095,UUEE,ULMM
8096,EDNY,LSZH
8097,SBBR,SBGR
8098,KORL,KJFK
8099,KCMH,KDFW
8100,KDAL,KMDW
8101,SBGR,SBGL
8102,KDTW,KORD
8103,KJFK,KSFO
8104,VECC,VOBL
8105,OMDB,WSSS
8106,KDUJ,KBWI
8107,KMCI,KDEN
8108,KBNA,KATL
8109,KRSW,KEWR
8110,KTPA,KEWR
8111,EIDW,KORD
8112,LEMG,EGBB
8113,EDDF,RJTT
8114,KDTW,KFLL
8115,KBOS,KATL
8116,LIRF,LIPZ
8117,ENGM,EGLL
8118,KFLL,KJFK
8119,KBNA,KHOU
8120,LEPA,LSZM
8121,LROP,LFPG
8122,SBGR,SBCO
8123,KIAD,KMSP
8124,KCVG,KROC
8125,KDCA,KDEN
8126,KEWR,KDEN
8127,KSLK,KBOS
8128,WSSS,VOMM
8129,LFPG,EGBB
8130,KBVI,32PN
8131,KBOS,KCLT
8132,KTUL,KPHX
8133,KCLE,KBNA
8134,KIAH,KSAT
8135,LIRF,LIPE
8136,KATL,NC03
8137,KFLL,KBOS
8138,WMKK,WBKK
8139,KATW,KATL
8140,KDCA,KMSP
8141,KSTL,KATL
8142,EIDW,EIKY
8143,KBWI,KLAS
8144,KORD,KDFW
8145,OTHH,LFPG
8146,EDLW,UKKK
8147,LIPZ,LFPG
8148,RCTP,VHHH
8149,KCMH,KATL
8150,EDDF,EFHK
8151,KIND,KATL
8152,KMCI,KDTW
8153,ENGM,ENVA
8154,KJFK,KSAN
8155,RJOA,RJTT
8156,KIAH,KPHX
8157,VABB,VECC
8158,KORD,KPHX
8159,EDDF,ULLI
8160,LIRF,LFPO
8161,KRDU,KATL
8162,KDFW,KATL
8163,ENGM,ENZV
8164,KGSO,KDFW
8165,EDDS,LTFJ
8166,KATL,KHOU
8167,VIDP,VOMM
8168,KTPA,KMDW
8169,KORL,KMDW
8170,RKSI,VHHH
8171,KDEC,KORD
8172,CYVR,CYYZ
8173,KRSW,KORD
8174,KFNT,KORD
8175,LFPG,LPPT
8176,EPWA,EPPO
8177,KATL,KTPA
8178,K4D0,KORD
8179,KDCA,KEWR
8180,KRDU,KPHL
8181,EKYT,ENGM
8182,KTPA,KBUF
8183,RKSI,ZGSZ
8184,KBUY,K43A
8185,VIDP,VOMM
8186,UKBB,LOWW
8187,CYYZ,CYVR
8188,LFPG,VABB
8189,KTPA,KSDF
8190,KPGD,KSWF
8191,KMCI,KISM
8192,KATW,KORD
8193,EGCC,EIDW
8194,KOWD,KBED
8195,LIMC,LICJ
8196,KFLL,KDEN
8197,ENGM,ENVA
8198,KBOS,KEWR
8199,ELLX,EGSS
8200,UUDD,LTFJ
8201,VIDP,VOMM
8202,KSAT,KPHX
8203,KAUS,KPHX
8204,KEWR,KSDF
8205,KFMY,KIAD
8206,EDDF,EPWA
8207,EDDW,EDDM
8208,KCLT,KATL
8209,KATL,KLAS
8210,LEMG,LEBL
8211,UAAA,UAII
8212,UAII,UAAA
8213,KMSP,KDFW
8214,KAUS,KMSP
8215,LFPG,UKBB
8216,LYBE,OMDB
8217,KFLL,KORD
8218,VABB,OMDB
8219,EPWA,OTHH
8220,GMMN,LFML
8221,KMKE,KOSH
8222,KSDF,KMDW
8223,KMIA,KJFK
8224,KEWR,KFLL
8225,KBOS,KMCO
8226,RCTP,PANC
8227,KCLT,KMSP
8228,EIDW,EIDL
8229,RJBB,RJTT
8230,KAPF,KHPN
8231,YSSY,YMML
8232,KORD,KSMF
8233,WSSS,YMML
8234,EGCC,EHAM
8235,KBNA,KLAX
8236,VOBL,VABB
8237,SBSP,SBBR
8238,KSTL,KDTW
8239,EHAM,LTFJ
8240,KMKE,56WI
8241,KDEN,KRIR
8242,KPHL,KATL
8243,LFPG,OMDB
8244,KPGD,KLCK
8245,KCLE,KORD
8246,KRDU,KBNA
8247,LPPR,EDDF
8248,ESSA,ESNP
8249,KDTW,KDFW
8250,KPYM,KBED
8251,KSDF,KMDW
8252,EDDL,LTFJ
8253,KCVG,KBOS
8254,EGLL,OMDB
8255,KBOS,KMSS
8256,KTUL,KMKC
8257,KTPA,KBOS
8258,SBGR,SBCO
8259,VOMM,VABB
8260,LFPG,OMAA
8261,RKSI,ZGSZ
8262,KMCI,KPHX
8263,LECU,LEMT
8264,YSSY,YMML
8265,TBPB,TVSM
8266,KORD,KSFO
8267,EDDF,LTFJ
8268,KGRB,KORD
8269,VIDP,VECC
8270,KCMH,KORD
8271,KDTW,KBNA
8272,KFLL,KBWI
8273,KLAX,KSFO
8274,OTHH,EGCC
8275,KSRQ,KVNC
8276,UKBB,OMDB
8277,LFPG,KORD
8278,VHHH,OMDB
8279,LEPA,EDDH
8280,VIDP,VOBL
8281,EGNX,EDDK
8282,RJBB,VHHH
8283,YSSY,YBBN
8284,KBWI,07KY
8285,KSEA,RKSI
8286,KHOU,KDEN
8287,EBMB,EDDM
8288,KPTK,KD95
8289,KJFK,KDEN
8290,OMDB,ZGSZ
8291,KDFW,KEWR
8292,RJTT,RJBB
8293,KRSW,KACY
8294,KVNY,KLGB
8295,VABB,VOBL
8296,KIND,KLGA
8297,KFLL,KPHL
8298,RKSI,OMDB
8299,KCMH,KATL
8300,LEMD,EDDF
8301,KMIA,KTEB
8302,KDFW,KDEN
8303,OMDB,VHHH
8304,KROC,KEWR
8305,KPIA,KDFW
8306,KTPA,KATL
8307,KATL,KRIR
8308,KDAL,KHOU
8309,KRSW,KEWR
8310,LFPO,LTFJ
8311,KDFW,KBWI
8312,EHAM,LFPG
8313,KFLL,KATL
8314,KCVG,KEWR
8315,ENGM,ENBO
8316,KORL,KLGA
8317,KSYR,KEWR
8318,KDEN,KMIA
8319,KPIT,KPSB
8320,KOMA,KDTW
8321,UUWW,ULLI
8322,RKSI,VHHH
8323,KEWR,KCLT
8324,NK43,KCLT
8325,KDFW,KLAX
8326,LFPO,LPPT
8327,ENVA,ENZV
8328,KPGD,KRDU
8329,YBBN,YMML
8330,VT48,KIAD
8331,KMIA,KEWR
8332,CYUL,CYYC
8333,KFLL,KHPN
8334,KCLE,KMDW
8335,KGLH,KDFW
8336,KPHX,KATL
8337,LEIB,LEPA
8338,KTPA,KEWR
8339,KDTW,KMDW
8340,VOBL,OTHH
8341,EHAM,LEMD
8342,KK02,KSTL
8343,CYOW,CYVR
8344,KAUS,KDAL
8345,KMKE,5WI4
8346,KBUF,KIAD
8347,KDCA,KCLT
8348,KRDU,KBOS
8349,KEWR,KOAK
8350,CYXE,CYVR
8351,GMMN,LFPO
8352,KBNA,KSEA
8353,KMSP,KATL
8354,KAUS,KPHX
8355,KFLL,KDFW
8356,KHOU,KPHX
8357,KBOS,KDCA
8358,KMGJ,KHPN
8359,KGSO,KIAD
8360,SBGR,LPPT
8361,KTPA,KORD
8362,LSGG,EHAM
8363,KORD,KATL
8364,KSAT,KORD
8365,KRSW,KMDW
8366,RKSI,RPLL
8367,EDDB,LTFJ
8368,KDAL,KHOU
8369,KAVP,KIAD
8370,KMHR,KSDF
8371,KLGA,KCLT
8372,EGLL,EGCC
8373,KBOS,KSFO
8374,KBUF,KMDW
8375,KJFK,KSFO
8376,KRDU,KMCF
8377,KMKE,56WI
8378,SBSP,SBBR
8379,KMIA,KBWI
8380,KTUL,KDFW
8381,KDFW,KMSP
8382,KPHL,KDEN
8383,KHOU,KMDW
8384,VIDP,VABB
8385,KTPA,KBWI
8386,KFLL,KMDW
8387,EDLW,LYBT
8388,ENGM,ENVA
8389,LOWW,LTFJ
8390,KLCK,8OA7
8391,KDAL,KATL
8392,WBSB,WSSS
8393,KLGA,KSRQ
8394,EHAM,EPWA
8395,KTUL,KDEN
8396,KORD,KFLL
8397,KSTL,KMDW
8398,KMKE,KAIG
8399,SBGR,SBRJ
8400,UUEE,EDDF
8401,KMLI,KORD
8402,KMCI,KHOU
8403,KSDF,KMSP
8404,KMIA,KATL
8405,KDFW,KLAX
8406,KEWR,KDFW
8407,LFPO,LFBO
8408,KORD,KDEN
8409,ESSA,EFHK
8410,KPIA,KORD
8411,SBSP,SBGR
8412,KATL,SC97
8413,KSTL,KCLT
8414,KMSN,KORD
8415,KECP,KBNA
8416,KBOS,KDFW
8417,LFPG,KIAD
8418,KCMH,KATL
8419,KTPA,KHOU
8420,KMIA,KORF
8421,LSGG,EPWA
8422,KSTL,KBNA
8423,KEWR,KSRQ
8424,KDFW,KMIA
8425,KJFK,KMIA
8426,KBOS,KFLL
8427,KPHX,KSEA
8428,KORD,KIAD
8429,CYOW,CYYC
8430,KFLL,KLGA
8431,KDAL,KPHX
8432,KDTW,KMSP
8433,KHSV,KIAD
8434,KATL,KMKE
8435,KBOS,KHHR
8436,LFPG,KATL
8437,NK43,KIAD
8438,KORD,KRSW
8439,KTEB,KBED
8440,KMIA,KLGA
8441,KMSP,KSFO
8442,EKCH,ENZV
8443,KMKE,KORD
8444,CYYC,CYXE
8445,RCTP,VHHH
8446,KTMB,KFXE
8447,KIND,KDEN
8448,VIDP,VABB
8449,KPHL,KMIA
8450,LEZL,LFPO
8451,CYYZ,CYOW
8452,KLGA,KBNA
8453,KDTW,KATL
8454,KRSW,KATL
8455,KMSN,56WI
8456,KPIT,KMSP
8457,KATW,KMSN
8458,ULLI,UUWW
8459,KTPA,KDAL
8460,LPPT,LPPD
8461,KPHX,KDFW
8462,KATL,KRSW
8463,KDFW,KPHX
8464,LEPA,EDDL
8465,EGLL,LEMD
8466,EHAM,LHBP
8467,LIBR,LIPE
8468,KATL,KMCI
8469,KSDF,KIAD
8470,KBOS,KFLL
8471,KPHL,LFPG
8472,KIAH,KLAX
8473,KMDW,KDVN
8474,KATL,KBOS
8475,LSGG,LSZH
8476,KPHX,KBWI
8477,NZAA,NZCH
8478,EDDL,LSZH
8479,KTUL,KDAL
8480,KLGA,KDFW
8481,KSLC,KLAX
8482,VHHH,PANC
8483,KJFK,KRSW
8484,KOMA,KMIA
8485,ULLI,UUEE
8486,EGGW,LSZM
8487,KIND,KATL
8488,ENBR,ENGM
8489,KLAS,KDFW
8490,VOBL,OMDB
8491,KTEB,KJFK
8492,KCMH,KMDW
8493,KBNA,KPHX
8494,KRDU,KBUY
8495,49OH,KRSW
8496,EDDH,LSZH
8497,KFLL,KDEN
8498,UUWW,ULLI
8499,KBOS,KIAD
8500,KCWA,KDTW
8501,KORF,KIAD
8502,KMKE,KISM
8503,KHOU,KDAL
8504,KATL,KRDU
8505,KLGA,KRDU
8506,KORD,KMIA
8507,KTEB,KFLL
8508,KBNA,KIAD
8509,LSMD,LSZF
8510,KFLL,KJFK
8511,KSTL,KHOU
8512,LOWW,EDDK
8513,EDDF,LTFJ
8514,KBWI,KCLT
8515,KSAT,KPHX
8516,KTOL,KCLT
8517,EDDB,LTFJ
8518,KMSP,KSFO
8519,KDFW,KLAS
8520,KORL,KDEN
8521,LTFJ,LTAC
8522,KORD,KSEA
8523,KSDF,KTEB
8524,LEIB,LEBL
8525,KATL,KDFW
8526,KSAT,KDAL
8527,KSKA,KSEA
8528,KABE,KPGD
8529,KBNA,KATW
8530,KCMH,KIAD
8531,KHOU,KADS
8532,KTYS,KIAD
8533,KATL,KSDF
8534,KRDU,KDEN
8535,ESSA,ELLX
8536,EGLL,KJFK
8537,KCVG,KIAD
8538,KPDK,KTEB
8539,KSAT,KDTW
8540,KEWR,KMIA
8541,KBNA,KLGA
8542,EHAM,LFBO
8543,LFPG,CYUL
8544,KHEF,VA71
8545,KSLC,KBOI
8546,KCLE,KPHX
8547,SKBO,SPJC
8548,KDCA,KATL
8549,EDDS,EVRA
8550,KTPA,KDTW
8551,KATL,KSFO
8552,KSTL,KDFW
8553,KMSN,KDTW
8554,UUEE,UWSS
8555,LIMC,EGMC
8556,KPHX,KLAX
8557,KGRR,KORD
8558,KTUS,KATL
8559,49OH,KRSW
8560,KATL,KIAD
8561,KFLL,KBNA
8562,LEPA,LEAL
8563,SBKP,SBRJ
8564,KTPA,KBNA
8565,LEZL,LEBL
8566,KLGA,KDFW
8567,KATL,KMIA
8568,VT48,KEWR
8569,RKSI,PANC
8570,KJFK,KLAX
8571,KAUS,KBWI
8572,SBBR,SBRJ
8573,KONT,KSDF
8574,KRSW,KDEN
8575,LFRS,LFPG
8576,KMSP,KLAS
8577,KSGF,KDFW
8578,LPPR,ELLX
8579,KVPS,KDFW
8580,UUDD,ULMM
8581,KIND,KIAD
8582,KORF,KATL
8583,OBBI,OMSJ
8584,EHAM,LFML
8585,CYUL,CYVR
8586,KBOS,KLAX
8587,KCLT,KEWR
8588,KEWR,KBNA
8589,VHHH,RCTP
8590,KLZU,KFTY
8591,KATL,KEWR
8592,LIRF,LICJ
8593,CYYZ,CYYC
8594,KATL,KSAN
8595,VIDP,VECC
8596,KLGA,KDCA
8597,KLNS,KBWI
8598,KONT,KMHR
8599,OERK,VIDP
8600,KEWR,KLAS
8601,KATL,KECP
8602,KSTL,KATL
8603,LFPG,LTFJ
8604,OMDB,VECC
8605,WMKK,WSSS
8606,KFLL,KDTW
8607,KTPA,KDTW
8608,KMCI,KBWI
8609,KATL,KBWI
8610,LFPO,LEMD
8611,SBBR,SBSP
8612,KBLM,KPWK
8613,KATL,KORD
8614,KLAS,KUTA
8615,EGHI,EGAC
8616,KDAL,KATL
8617,KMDW,KDAL
8618,KFLL,KIAD
8619,KAUS,KLAX
8620,KLUK,KPDK
8621,VOBL,VECC
8622,KCLT,KIAD
8623,KATL,KLAS
8624,EDDM,LTFJ
8625,LSZH,LTFJ
8626,KCLE,KEWR
8627,EDDF,OMDB
8628,EDFE,EDRY
8629,KDTW,KEWR
8630,LPPT,KEWR
8631,KTPA,FD83
8632,LIML,ELLX
8633,KHPN,KMMU
8634,EHAM,LOWW
8635,KLGA,KMIA
8636,KBED,61MA
8637,LKPR,LEBL
8638,KDEN,KMSP
8639,KTYS,KPGD
8640,CYHM,CYXX
8641,EHAM,ENVA
8642,KSTL,KDAL
8643,VECC,VABB
8644,KONT,KUTA
8645,KDTW,KRSW
8646,VOMM,VIDP
8647,KFLL,KDTW
8648,KATL,KDFW
8649,KATL,KFLL
8650,KROC,KATL
8651,LIRF,LEBL
8652,KORD,KDTW
8653,KMMU,KBUY
8654,KORL,KDEN
8655,KEWR,KMIA
8656,ULLI,UUDD
8657,KIAH,KSFO
8658,KBWI,KMDW
8659,CYUL,KFLL
8660,KFMY,KPGD
8661,KDCA,NC63
8662,UUEE,ULLI
8663,KDEN,KHOU
8664,EHAM,LEBL
8665,44IS,KSTL
8666,KTUL,KSTL
8667,KSAT,KUTA
8668,SBVT,SBJD
8669,LFPG,ENGM
8670,KSTP,KCMH
8671,KCVG,KJFK
8672,EHAM,EKBI
8673,EGKK,EGPE
8674,NZCH,NZAA
8675,KORL,KLGA
8676,KATL,KISM
8677,KORL,KDFW
8678,KDFW,KORD
8679,KOMA,7NE6
8680,KJFK,EGLL
8681,KDEN,KPHX
8682,KMKE,KRSW
8683,KMDT,KCLT
8684,KDPA,59IL
8685,VMMC,RCTP
8686,VHHH,ZUCK
8687,KTPA,KDEN
8688,KFLL,KDEN
8689,KLGA,KATL
8690,KPHX,KSEA
8691,KATL,KBNA
8692,KEWR,KLAS
8693,KHOU,KLAS
8694,KRDU,KIAD
8695,KBOI,KSEA
8696,KCMH,KMSP
8697,EIDW,EHAM
8698,KK52,KSTL
8699,WSSS,RKSI
8700,KCLE,KIAD
8701,CYYZ,CYVR
8702,KATL,KPHX
8703,KBVI,32PN
8704,KSTL,KBWI
8705,KSEA,PANC
8706,KATL,KSRQ
8707,VOMM,VOBL
8708,KTPA,KMCI
8709,KEWR,KORD
8710,KJFK,KATL
8711,KORL,KSEA
8712,KBWI,KATL
8713,KRSW,KDEN
8714,KCPS,7IS9
8715,EHAM,ENGM
8716,KPHL,KSTL
8717,KATL,KGSO
8718,KOMA,KPHX
8719,KRLD,KSEA
8720,KPUB,KDEN
8721,KMDW,KLAS
8722,KMIA,KLAX
8723,EGGD,EGPH
8724,KBOI,KSEA
8725,KLGA,KORD
8726,KTDZ,MI50
8727,LPCS,LPEV
8728,KATL,KCMH
8729,KBOS,KSFO
8730,KBNA,KMSP
8731,KDTW,KIAD
8732,KROC,KIAD
8733,YMML,WMKK
8734,KSLC,KSDF
8735,KJFK,KRDU
8736,EKCH,EKYT
8737,KEWR,KRSW
8738,CYYC,CYUL
8739,KDEN,KDFW
8740,KRDU,KATL
8741,KFLL,KDAL
8742,KPHL,KIAD
8743,KTPA,KPHX
8744,KABQ,KDFW
8745,KMIA,KSDF
8746,KDCA,KSRQ
8747,KAUS,KDTW
8748,EHAM,CYYZ
8749,SBBR,SBSP
8750,KCMH,KRSW
8751,KIND,KMSP
8752,KSAT,KSDF
8753,KBWI,KBNA
8754,KMCI,KDFW
8755,KDEN,KOAK
8756,KHSV,KDFW
8757,KATL,KLGA
8758,KSLC,KSDL
8759,KLGA,KIAD
8760,PANC,KSEA
8761,KOKV,KJYO
8762,KRSW,KBWI
8763,KEWR,KMCO
8764,KTPA,KMIA
8765,KDEN,KORD
8766,KATL,KSEA
8767,KPHL,KSDF
8768,KYKM,KSEA
8769,LFPB,LFLB
8770,KSDL,KCHD
8771,KDAL,KBWI
8772,KJFK,KSDF
8773,KMDW,KFLL
8774,ENUL,ENZV
8775,LEMD,LEBL
8776,KMCO,KMIA
8777,KDCA,KBNA
8778,RJTT,YSSY
8779,MROC,KMIA
8780,VABB,VIDP
8781,KLGA,KDCA
8782,KATL,KDAL
8783,LILC,LIMB
8784,VOBL,VIDP
8785,EDDM,EGPH
8786,KBED,KORE
8787,KEWR,KIAD
8788,KFLL,KBWI
8789,LPPT,LEMG
8790,2PA6,KRDG
8791,KCMH,KLAS
8792,VHHH,RKSI
8793,KSFO,KPHL
8794,KMIA,MROC
8795,KBOS,KATL
8796,KRSW,KDTW
8797,KMKE,KBWI
8798,KBNA,KLAX
8799,KFFZ,KCGZ
8800,EHAM,LIPE
8801,LFBD,LFPG
8802,KBLI,KSEA
8803,KDCA,KHHR
8804,KLEB,KHPN
8805,LEMD,EGMC
8806,KJFK,KSAN
8807,LFPG,KJFK
8808,SBVT,SBRJ
8809,LFML,LTFJ
8810,KPHL,KCLT
8811,KPIT,KIAD
8812,KRDU,KISO
8813,KORL,KBOS
8814,KATL,KPHL
8815,KDAL,KFLL
8816,KIAD,KDEN
8817,KRDU,66NC
8818,KATL,NC16
8819,KDCA,KMCO
8820,VECC,VOBL
8821,KTEB,KFLL
8822,LEMD,LEBL
8823,KDEN,KLAX
8824,KPIT,KPSB
8825,EGHH,EGJJ
8826,KMDW,KBWI
8827,KTPA,KATL
8828,VHHH,RCTP
8829,KIND,KMIA
8830,KPHL,KHPN
8831,CYYZ,EDDF
8832,EDDF,OMDB
8833,EHAM,ESSA
8834,KEWR,KATL
8835,LFPG,UMMS
8836,EDDF,EGCC
8837,KORD,PANC
8838,KONT,KDEN
8839,KORL,KBNA
8840,KATL,KIAD
8841,WSSS,VHHH
8842,EGLL,ESSA
8843,KPHX,KSLC
8844,KROC,NK89
8845,KGEG,KPDX
8846,VAJJ,OMDB
8847,KGPI,KAPA
8848,CYYC,KPHX
8849,KCVG,KMIA
8850,KBWI,KATL
8851,SBSP,SBGL
8852,VECC,VABB
8853,KSTL,KMSP
8854,KEWR,KFLL
8855,KMIA,KDCA
8856,KDAL,KBNA
8857,FAOR,FACT
8858,KPNE,KHPN
8859,EHAM,RKSI
8860,YSSY,YMML
8861,KRDU,NC48
8862,CYUL,KEWR
8863,KATL,KSTL
8864,EIDW,KJFK
8865,LEMD,EDDK
8866,49OH,KATL
8867,KFLL,KSFO
8868,KSDF,KBWI
8869,KMIA,KJFK
8870,WSSS,ZGSZ
8871,KEWR,KSDF
8872,KDAL,KLAX
8873,KPHL,CYYZ
8874,RKSI,PANC
8875,SBVT,SBJD
8876,LFPG,LIRF
8877,MU65,KSTL
8878,KPWK,K3CK
8879,KLAS,KSDL
8880,KFDK,KGAI
8881,KMKE,KSTL
8882,KORF,KIAD
8883,KMIA,TBPB
8884,KLAX,KSWF
8885,CYUL,KORD
8886,KDTW,KLAS
8887,KBOS,KFLL
8888,KTPA,KSTL
8889,KMCI,KSTL
8890,KDFW,KUTA
8891,FAOR,FACT
8892,KMDW,KPHX
8893,ESMS,ESSA
8894,VAPO,VIDP
8895,KMDT,KIAD
8896,KPDX,KSEA
8897,UWWW,UUDD
8898,KPHL,KATL
8899,LEAL,EGNM
8900,EDDH,LEBL
8901,KBOS,KPHX
8902,RKSI,PANC
8903,KDEN,KDCA
8904,KOPF,KMIA
8905,KMIA,SPJC
8906,KJFK,KATL
8907,KSDF,KDFW
8908,KATL,KLAX
8909,VOBL,VABB
8910,SBRJ,SBSP
8911,KBWI,KLAS
8912,LSGG,LPPT
8913,KAPA,KFCM
8914,ESSA,ESGG
8915,KORL,KHOU
8916,EHAM,LFRS
8917,KORD,KSLC
8918,LKPR,LTFJ
8919,VECC,VIDP
8920,KDFW,KMSP
8921,KLAX,KEWR
8922,EGLL,LPPT
8923,KEWR,KRSW
8924,KPHL,KSRQ
8925,KSDF,KATL
8926,KORL,MROC
8927,KATL,KDTW
8928,KMIA,KPHX
8929,EHEH,EPWA
8930,EHAM,KATL
8931,LEMD,OMDB
8932,KBLM,KOPF
8933,KCLE,KMDW
8934,KSYR,KIAD
8935,CYYZ,KFLL
8936,EDFE,EDFC
8937,KHPN,CYYZ
8938,SKBO,KMIA
8939,KDKK,K9G3
8940,KATL,KSLC
8941,KBOS,KRSW
8942,KTPA,KAFW
8943,ESSA,ESNZ
8944,KAUS,KSEA
8945,CYUL,CNV9
8946,KBNA,KBWI
8947,KMCI,KATL
8948,KDTW,KMSP
8949,EGHS,EGHH
8950,KCMH,KRSW
8951,KDFW,KEWR
8952,KDEN,KPHX
8953,SBSP,SBCO
8954,KHSV,KATL
8955,KPHX,KSDF
8956,CYYZ,KTEB
8957,EDDF,EIDW
8958,EGCC,EGAA
8959,KDCA,KDFW
8960,KTEB,KMDW
8961,KFLL,KBOS
8962,KEWR,KDFW
8963,KPHL,EGSS
8964,KTYS,KATL
8965,KCOS,KDEN
8966,EBMB,EDDF
8967,VIDP,VOBL
8968,LIPX,LIRF
8969,KHEF,VA87
8970,EGAA,EGKK
8971,CYHM,CYYZ
8972,LPPR,LFLC
8973,LEMH,LEPA
8974,KTPA,KFLL
8975,LOWS,LOWW
8976,KSLC,KEWR
8977,KDCA,KMIA
8978,KAUS,KSDL
8979,KJFK,KSMF
8980,LIRF,UUDD
8981,LKPR,EGSS
8982,KIAD,KDFW
8983,KLAX,KATL
8984,VABB,OMDB
8985,CYXE,CYYC
8986,KPHX,KLAX
8987,OMDB,EDDK
8988,KBWI,KMIA
8989,KLNK,KOMA
8990,KDEN,KSLC
8991,VOBL,VECC
8992,ESSB,ESTA
8993,KATL,KHSV
8994,YWLM,YSSY
8995,YSSY,YBBN
8996,KRDU,KCLT
8997,NZPM,NZAA
8998,KDTW,KLGA
8999,KRFD,KMHR
9000,KBNA,KSLC
9001,KHOU,KHHR
9002,KDAL,KVNY
9003,KATL,KLGA
9004,KHWY,3VA3
9005,EIKY,EIDW
9006,KMSP,KPHX
9007,KBWI,KORF
9008,WMKK,VOMM
9009,SBVT,SBBR
9010,KLAX,KUTA
9011,EGPH,OTHH
9012,VECC,VOBL
9013,CYVR,CYYJ
9014,KSAT,KHOU
9015,KBOS,KMVY
9016,KIAD,KFLL
9017,KEWR,KDCA
9018,EGLL,EGPG
9019,ZGSZ,ZUCK
9020,KDTW,KRDU
9021,ENVA,ENBO
9022,CYYZ,CYUL
9023,KATL,K9A4
9024,KBNA,KSEA
9025,LFML,LFAS
9026,KCOS,KPHX
9027,CYYZ,KRSW
9028,KGRB,KATL
9029,SBRJ,SBVT
9030,EHAM,LFPG
9031,KJFK,KSDF
9032,KIND,KMSP
9033,WMKK,ZGSZ
9034,KBOS,KRDU
9035,KMIA,KATL
9036,KDEN,KATL
9037,KHOU,KFLL
9038,CYVR,CYYC
9039,CYQQ,CYYC
9040,EGGW,LEAL
9041,KSLC,KSFO
9042,PANC,KORD
9043,LPPT,LEBL
9044,KSTL,KSLC
9045,EGLL,OMDB
9046,VIDP,VECC
9047,KPHL,KDFW
9048,KDFW,PANC
9049,KOMA,7NE6
9050,KLAS,KDTW
9051,KSFO,KLAX
9052,LEMD,LEPA
9053,KSLC,KLAX
9054,ENGM,EGKK
9055,KLGA,KDTW
9056,KHOU,KDAL
9057,EHAM,KJFK
9058,ENZV,ENGM
9059,KFLL,KPIE
9060,KBWI,KLAS
9061,LSZH,OMDB
9062,VABB,VOMM
9063,KTPA,KBNA
9064,CYUL,CYYZ
9065,KATL,KORD
9066,SBGL,SBGR
9067,WSSS,VHHH
9068,EGBB,OMDB
9069,MA52,KBED
9070,EPWA,EPKK
9071,CYYJ,CYYC
9072,VIDP,VABB
9073,KJFK,KLAS
9074,KSKA,KSEA
9075,KATL,KFLL
9076,KMSP,KDTW
9077,KPHL,EGNX
9078,KRFD,KRIR
9079,KSDF,KMIA
9080,KBOI,KSFO
9081,EHAM,OMDB
9082,KMDT,6PA3
9083,KMIA,KORD
9084,EGLL,KDFW
9085,CYYZ,CYYB
9086,VABB,VIDP
9087,KSEA,KSAN
9088,KAPA,KSUS
9089,KLAX,KDTW
9090,KGRB,KSDL
9091,CYYZ,CYUL
9092,KDTW,KFLL
9093,KEWR,KATL
9094,ENGM,OTHH
9095,KTPA,KRDU
9096,KATL,KTYS
9097,KFRG,KPHL
9098,KSEA,KPDX
9099,KCLE,KMSP
9100,KDFW,KAPF
9101,KFLL,KEWR
9102,CYYZ,CWF2
9103,KORD,KLAX
9104,KDTW,KORD
9105,KSYR,KSDF
9106,KPGD,KFMY
9107,KPHL,KBOS
9108,VHHH,VOMM
9109,ENBR,ENGM
9110,SBBR,SBSP
9111,KDEN,KPHX
9112,KPSP,KSEA
9113,KDTW,KEWR
9114,EGLL,KORD
9115,KITH,NY18
9116,KLAS,KDFW
9117,KORD,KLGA
9118,KBOS,KCLT
9119,KPHL,KBNA
9120,KPHX,KMDW
9121,KSEA,KPHX
9122,KLAX,KDFW
9123,KATL,KBKL
9124,RKSI,VHHH
9125,KFLL,KBOS
9126,KSGF,KORD
9127,KIAH,KUTA
9128,KHOU,KDAL
9129,ULMM,UUDD
9130,LIMC,OMDB
9131,KSFO,KDFW
9132,ENGM,EKCH
9133,EDDB,LPFR
9134,KMIA,KSFO
9135,KTEB,KBLM
9136,CYYZ,CYOW
9137,EFHK,EVRA
9138,EFHK,EETN
9139,KAUS,KATL
9140,CYKA,CYYC
9141,KLAS,KPHL
9142,KPHX,KDTW
9143,EGCC,OTHH
9144,VOBL,VIDP
9145,KDTW,KORD
9146,KLAX,07KY
9147,KDFW,KATL
9148,KBWI,KSDF
9149,EIDW,KBOS
9150,VIDP,VABB
9151,CYXX,CYYC
9152,KMIA,KPHL
9153,PANC,KSEA
9154,EDDM,EDDG
9155,KSEA,KDTW
9156,KATL,KDCA
9157,KBFI,KUDD
9158,KDAL,KMDW
9159,KLAS,KSEA
9160,OMDB,VABB
9161,KMSP,KPHX
9162,KRSW,KBOS
9163,KBOS,KRDU
9164,KOAK,KSLC
9165,KBWI,KBOS
9166,LFPG,EDDM
9167,KPHX,KSLC
9168,KHPN,KN69
9169,EPPO,EPWA
9170,KRDU,KMIA
9171,EKCH,EDDF
9172,KFLL,KDAL
9173,KABQ,KATL
9174,KSAT,KBWI
9175,KDFW,KSDF
9176,KSMF,KLAX
9177,KATL,KTYS
9178,KDAB,KATL
9179,CYYZ,CYVR
9180,LEMD,LEBL
9181,KDTW,KSTL
9182,KECP,KATL
9183,KMSN,KMSP
9184,KLAX,KSEA
9185,KJFK,KSDF
9186,KDEN,KDTW
9187,EHAM,LDZA
9188,KBFI,KRIR
9189,SBRJ,SBGR
9190,KORL,KMSP
9191,LIML,LIRF
9192,KBOS,MA55
9193,ULLI,UUWW
9194,SPJC,SPST
9195,KRSW,KCMH
9196,KBNA,KFLL
9197,KPHL,KATL
9198,EDDK,EDDP
9199,EHAM,ESGG
9200,CYYZ,CYVR
9201,SBSP,SBRJ
9202,KGSO,KATL
9203,KDTW,KISM
9204,EDDM,ESSA
9205,KEWR,KFLL
9206,KPHL,KORD
9207,KLAS,KBWI
9208,KCOS,KDFW
9209,PANC,RJAA
9210,KIWA,KSJC
9211,KBOS,KRDU
9212,KLAX,PANC
9213,KORL,KDFW
9214,LIMJ,LIRF
9215,KORF,KCLT
9216,VABB,VOBL
9217,KDTW,KSEA
9218,KMSP,KISM
9219,ENGM,ENZV
9220,ULLI,UUDD
9221,LFPG,OMDB
9222,KCMH,KRSW
9223,KCLT,KORD
9224,KSFO,KORD
9225,KATL,KDEN
9226,CYYZ,KLGA
9227,KCLT,KLGA
9228,KBOI,KPDX
9229,KPWK,KDPA
9230,KFLL,CYUL
9231,KPTK,KD95
9232,KORL,KLAX
9233,SBVT,SBGR
9234,KJYO,61VA
9235,KCOS,KORD
9236,KCVG,KCLT
9237,LHBP,EDDF
9238,KLAS,KATL
9239,PANC,KLCK
9240,KBOS,01FA
9241,KTYS,KEWR
9242,KMIA,KSDF
9243,KAPF,KPWK
9244,YMEN,YBUP
9245,KAUS,KHOU
9246,KAGC,KHPN
9247,CYYZ,KEWR
9248,KPHL,KBOS
9249,ESSA,LEMD
9250,KCLT,KMIA
9251,KSFO,KSLC
9252,FAOR,FACT
9253,KJFK,KHHR
9254,LIPE,LIBD
9255,KFLL,KEWR
9256,KSBP,KLAX
9257,KLAS,KSDL
9258,KPHL,KSDF
9259,KPDX,KPHX
9260,KPSP,KSFO
9261,KCLT,NC03
9262,LTBA,OMDW
9263,SSJC,SBSP
9264,KIAD,KMMU
9265,KLAX,KMSP
9266,KSAT,KBNA
9267,KEWR,KPHL
9268,KBWI,KCLT
9269,KGRR,KROC
9270,KBWI,KDUJ
9271,KPHX,KABQ
9272,KMKE,KDTW
9273,EHAM,OMDB
9274,KONT,KSEA
9275,KSEA,KOAK
9276,LPFR,LFPO
9277,ENGM,OTHH
9278,92PA,KBTP
9279,KCVG,KMIA
9280,KBED,KORE
9281,KDTW,KPHX
9282,KDEN,KBNA
9283,KSTL,KLAS
9284,KORD,KRSW
9285,KORL,KHSV
9286,ENVA,ENGM
9287,KCLT,KALB
9288,KSFO,KSEA
9289,KLAS,KSJC
9290,KLAX,KPHX
9291,KCLT,KSAT
9292,KSAT,KUTA
9293,VOBL,VOMM
9294,CYYZ,KORD
9295,KONT,KSFO
9296,KSEA,KLAX
9297,OERK,OEDF
9298,KPTD,4NY0
9299,KLAX,KSJC
9300,VECC,VABB
9301,KFLL,KATL
9302,KPHL,KLAS
9303,KJFK,KLAX
9304,KSAT,KATL
9305,SBGR,SBJD
9306,SKBO,KATL
9307,EDDF,LIRF
9308,KHEF,VA87
9309,UWWW,UUEE
9310,KLAS,TS53
9311,KMKE,KBNA
9312,KONT,KSDF
9313,KFAT,KSLC
9314,LFBO,LFPO
9315,KDFW,KLGA
9316,KDEN,KLAX
9317,KMSP,KORD
9318,KCHD,AZ00
9319,EGCC,OMAA
9320,KDTW,KCLT
9321,KPHX,KOAK
9322,KDFW,KSEA
9323,KSDF,KDEN
9324,KEWR,KDFW
9325,59IL,KDPA
9326,KSLC,KOAK
9327,KLAX,KDTW
9328,KPHL,KMKE
9329,KSBA,KDFW
9330,KBWI,KSAT
9331,KLGB,KEMT
9332,VHHH,RKSI
9333,VIDP,VABB
9334,KSFO,KMSP
9335,KDTW,KMCI
9336,KCMH,KDEN
9337,KSEA,KORD
9338,EBMB,LEMG
9339,LIPZ,EGSS
9340,KSYR,KORD
9341,KOMA,KSTL
9342,KMCI,KBNA
9343,KCLT,KRSW
9344,KATL,KOMA
9345,KNSE,K12J
9346,KABQ,KSDF
9347,KONT,KSLC
9348,EGAA,EGSS
9349,KSLC,KSDF
9350,KFLL,KBKL
9351,KDTW,KBWI
9352,KPDX,KORD
9353,KMSP,KLAX
9354,KATL,1AR1
9355,KHOU,KATL
9356,KBNA,KMIA
9357,CYVR,CYHM
9358,KATW,KMSP
9359,KORD,KTUL
9360,KCLT,KFLL
9361,KFCM,KPUB
9362,KDTW,KPDX
9363,KTPA,KDFW
9364,KSMF,KPHX
9365,EIDW,ELLX
9366,KMSP,KRDU
9367,KRSW,KATL
9368,KJFK,KFLL
9369,KLAS,KLAX
9370,KEWR,KDTW
9371,KDAL,KHOU
9372,KSFO,KMDW
9373,KRDU,KDEN
9374,KMKE,KORD
9375,LIPQ,LIRF
9376,RJBB,PANC
9377,LSZH,EDDF
9378,KATL,9NC6
9379,KCLT,KDTW
9380,KSAT,KDAL
9381,KPDX,KSLC
9382,KORD,KATL
9383,KPHL,KMIA
9384,KPHX,KSDF
9385,KSDF,KEWR
9386,KIAD,KSRQ
9387,UUWW,ULMM
9388,KHPN,KMIA
9389,KDTW,KMIA
9390,KCLT,KORF
9391,KORL,KDFW
9392,KMSP,KSEA
9393,KBWI,KRDU
9394,VABB,OTHH
9395,KMCI,KMDW
9396,YSSY,YMML
9397,EGLL,LEMG
9398,KGEG,KPDX
9399,KGPI,KSEA
9400,KDTW,KJFK
9401,3OH7,KI69
9402,KLAX,KLAS
9403,KMDT,KPIE
9404,KRDU,KMCO
9405,KCLT,CYYZ
9406,KPDK,8GA7
9407,EGSS,LIRA
9408,KGRR,5MI1
9409,NC61,KCPK
9410,KPHL,KSDF
9411,KEWR,KRDU
9412,KSPI,KORD
9413,EGLL,EIDW
9414,SBSP,SBRJ
9415,KDTW,KSFO
9416,KORL,KMKE
9417,KOPF,KTEB
9418,ENVA,ENBO
9419,KRSW,KSTL
9420,KDCA,KCLT
9421,KLAS,07KY
9422,KGRB,KMSP
9423,KMSP,KATL
9424,KMCI,KDEN
9425,CYUL,KFLL
9426,FD33,79FD
9427,KMSP,KORD
9428,KFLL,KLGA
9429,VIDP,VECC
9430,KDTW,KLAX
9431,KDAL,KTYS
9432,VOBL,VECC
9433,SKBO,KEWR
9434,KEWR,KSAN
9435,KLAX,KMIA
9436,KBWI,KLAX
9437,KOAK,KSDF
9438,KTPA,KPHL
9439,CYYC,KDFW
9440,KABQ,KPHX
9441,LFPO,LPPR
9442,YSSY,YBBN
9443,KLAS,KLAX
9444,KMKE,KLAS
9445,KIWA,KBLI
9446,EDDF,OTHH
9447,KORD,KHHR
9448,KATL,KBNA
9449,UUDD,EDDF
9450,KPDX,KSDF
9451,VIDP,VOBL
9452,KDAL,KHOU
9453,KLUK,KFMY
9454,OMDB,UKBB
9455,KHOU,KBNA
9456,KDTW,KSFO
9457,KMCI,KMSP
9458,KEWR,KSLC
9459,KMSS,KBOS
9460,KPHL,KDCA
9461,CYUL,CYYZ
9462,KDEN,KATL
9463,KLAX,KORD
9464,KSAT,KSEA
9465,LEMG,EDDL
9466,KDTW,KDCA
9467,KATL,KORF
9468,KPHL,NC63
9469,LIME,LICJ
9470,KFAT,KLAX
9471,KMSP,KRSW
9472,KOAK,KMDW
9473,KORD,KPHL
9474,EHAM,OTHH
9475,KCLT,KSYR
9476,KLAX,KOAK
9477,KBOS,KBWI
9478,KPSP,KSLC
9479,KPGD,KAPF
9480,KONT,07KY
9481,KBOI,KGEG
9482,KIAD,KPWK
9483,VABB,VIDP
9484,KJFK,KDTW
9485,KORD,KMSP
9486,KOMA,KSLC
9487,KONT,KDFW
9488,LEMG,EGPG
9489,KMSP,KDEN
9490,KPDK,FA54
9491,LFBD,EGSS
9492,SBBR,SBGR
9493,EDFC,EDFE
9494,KDTW,KSAT
9495,KARB,36MI
9496,KSEA,KPSP
9497,KTPA,KBOS
9498,KSMF,KLAX
9499,KPHL,CYUL
9500,KSFO,KATL
9501,KTEB,KFLL
9502,KBLV,KPIE
9503,UUWW,ULLI
9504,KLAS,KOAK
9505,KMKE,5WI9
9506,KFLL,KTEB
9507,EKCH,LFPG
9508,KMKE,KMSP
9509,KDEN,KMDW
9510,KOMA,KMSP
9511,KMSP,KSTL
9512,LIPE,LIRF
9513,KORD,KSTL
9514,RJBB,WSSS
9515,KPDX,KOAK
9516,LFML,LFPG
9517,KFLL,KDFW
9518,KBWI,KBNA
9519,KSEA,KMSP
9520,KMSN,KORD
9521,SBBR,SBGR
9522,KEWR,KSFO
9523,KRSW,KDFW
9524,KHIO,KSJC
9525,LFPG,CYUL
9526,KDTW,67KY
9527,EPKT,EDDK
9528,KORD,KSYR
9529,VOMM,VABB
9530,KBWI,KSRQ
9531,KONT,KATL
9532,KSBP,KDFW
9533,KSAN,KDFW
9534,KSDF,KMDW
9535,LIPZ,LIRF
9536,KSJC,KSLC
9537,KDTW,KATL
9538,UUEE,ULLI
9539,EDDM,EGBB
9540,KMSP,KDTW
9541,KTEB,KFLL
9542,KJNX,KRDU
9543,RKSI,PANC
9544,KATL,KMIA
9545,KSAN,KSEA
9546,KORD,KSLC
9547,LEPA,EGKR
9548,KHEF,KCJR
9549,LTBA,LEMD
9550,KNSE,K12J
9551,KDTW,KBNA
9552,KCLT,KDFW
9553,EVRA,EHAM
9554,KBWI,KCMH
9555,LFPO,GMMN
9556,KPDX,KSEA
9557,KMCI,KPHX
9558,KONT,KPHX
9559,KORD,KMSP
9560,KSAT,KSDF
9561,SSJC,SBGR
9562,KSAT,KHDO
9563,KOAK,KSDF
9564,KGEG,KPDX
9565,KPHX,KSEA
9566,KRSW,KLGA
9567,KBNA,KDFW
9568,KDEN,KATL
9569,KCVG,KEWR
9570,KRFD,KPIE
9571,VIDN,VIDP
9572,KAND,SC32
9573,KFCM,9MN6
9574,KORD,KBOS
9575,KPHL,KDEN
9576,KDTW,WS25
9577,KOMA,KMDW
9578,LROP,LEMG
9579,LPPR,LFPO
9580,KBOI,KLAX
9581,KHND,KCRQ
9582,KBNA,KEWR
9583,KSAN,KMSP
9584,KYKM,KBFI
9585,KEWR,KDTW
9586,EFHK,EFOU
9587,KDFW,KDEN
9588,EDDK,EDDM
9589,KDEN,KSEA
9590,KSRQ,KDFW
9591,KORD,KBNA
9592,KPHX,KBNA
9593,KPHL,KOPF
9594,KATL,KFLL
9595,KLAX,KUTA
9596,KSAN,KLAX
9597,KBNA,KLAS
9598,KMSP,KMKE
9599,LPPT,EDDM
9600,KDTW,KDFW
9601,KEWR,KSDF
9602,LIMF,LIRF
9603,KFLL,KTEB
9604,YBBN,YMML
9605,KORD,71KY
9606,LSGG,LPPR
9607,EGLL,OTHH
9608,VABB,VOBL
9609,KORD,KPSP
9610,KSKA,KSEA
9611,KBDR,KEWR
9612,EGNX,EGAC
9613,SKBO,KMIA
9614,KRDU,KHRJ
9615,KCLT,KRDU
9616,KDFW,KSAT
9617,KPHL,KSFO
9618,KOAK,KLAS
9619,KLAX,KSFO
9620,KORL,KDFW
9621,KBOS,KSRQ
9622,KDAL,AL40
9623,KFCM,KFBL
9624,KSAN,KSMF
9625,KSMF,KSLC
9626,KMCI,KORD
9627,KMSP,KBNA
9628,KLAS,KORD
9629,GMMN,LEMD
9630,KDFW,KSEA
9631,KLGA,KFLL
9632,KEWR,KCLT
9633,EPWA,UMMS
9634,KSEA,KRIR
9635,KORD,KCMH
9636,ESSA,OTHH
9637,LTFJ,LTAC
9638,KAUS,KSLC
9639,KNSE,0AL5
9640,KORD,KDFW
9641,OMDB,VIDP
9642,KONT,KPHL
9643,KPHL,KRDU
9644,KFAT,KSDF
9645,LEMH,LEPA
9646,KMMU,KHPN
9647,KLAS,KCLT
9648,KJFK,KPHX
9649,EHAM,EPGD
9650,KMDW,KATL
9651,KSAT,KSLC
9652,KORD,KCOS
9653,KABQ,KPHX
9654,KORL,KMSP
9655,KEWR,01FA
9656,EGKK,TXKF
9657,KOMA,KATL
9658,KBOS,KCLT
9659,KSAN,KDAL
9660,KPHL,KSAN
9661,KSTL,KORD
9662,KPGD,KFMY
9663,KBWI,KLNS
9664,KDFW,KTUL
9665,VIDP,VHHH
9666,KSEA,KPHX
9667,KSMF,KLAX
9668,KBOI,KOAK
9669,KONT,KUTA
9670,KBWI,KMKE
9671,KSJC,KLAX
9672,KJFK,TBPB
9673,LFPG,OTHH
9674,KPHL,KROC
9675,KPHX,KSMF
9676,EFHK,ESSA
9677,KDTW,KORD
9678,LEMT,LECU
9679,KORD,KPIT
9680,KSAN,KPHX
9681,KBOS,KDCA
9682,LEMD,OTHH
9683,KLAS,KSDL
9684,KCLT,9NC6
9685,KJFK,KBOS
9686,KDTW,KROC
9687,VIDP,VABB
9688,KBNA,KATL
9689,KDFW,KORD
9690,KMSP,KSFO
9691,LPPT,LEMD
9692,SBGL,SBGR
9693,KDAL,KLAS
9694,KORL,KPHX
9695,KORD,KPHX
9696,VABB,VOMM
9697,KSEA,KMDW
9698,EDLW,LOWW
9699,KTYS,KDFW
9700,KSMF,KLAS
9701,KEWR,KBKL
9702,ULLI,ULMM
9703,KSLC,KLAS
9704,KOMA,KORD
9705,KCLT,NC06
9706,KSAN,KSDF
9707,FD33,79FD
9708,EGPH,EGKK
9709,VIDP,VABB
9710,KMSP,KBOS
9711,VOMM,VOBL
9712,KBOI,KSEA
9713,ZGSZ,ZUCK
9714,KLGA,KFLL
9715,LPFR,LFPO
9716,KBOS,KRSW
9717,LFPG,LFBO
9718,KARR,IL38
9719,LOWG,EDDF
9720,KJFK,KSEA
9721,KORD,KBOI
9722,EHAM,LFBD
9723,KEWR,TXKF
9724,KHOU,KMDW
9725,LEPA,LEAL
9726,KHYA,KPVC
9727,KABQ,NM74
9728,KBFI,KSDF
9729,KDTW,KSAN
9730,EGLL,EGPD
9731,ULLI,UUDD
9732,RKSI,VHHH
9733,KORD,KBWI
9734,KMSP,KPDX
9735,KSAN,KBNA
9736,EFHK,ENGM
9737,KABQ,NM01
9738,KSEA,KATL
9739,KMSP,KPHL
9740,KOXR,KSNA
9741,KCLT,KATL
9742,LEAL,EHAM
9743,KORD,KMIA
9744,KBNA,KORD
9745,KPHX,KEWR
9746,LFPG,LEMD
9747,KPHL,KCMH
9748,88PA,KLAS
9749,VIDP,VOBL
9750,VECC,VIDP
9751,KCLT,NC48
9752,KABQ,NM49
9753,KLAS,KSJC
9754,KBOI,KMSP
9755,KDCA,NC03
9756,KDFW,KBOS
9757,LEPA,EDDH
9758,KHOU,KBWI
9759,KPHL,KBKL
9760,VIDP,WSSS
9761,EDDM,ENGM
9762,KATL,KBOS
9763,RPLL,VHHH
9764,KSAN,KSDF
9765,KDEN,KBWI
9766,KGAI,KFDK
9767,KOAK,KSDF
9768,KATL,KDFW
9769,KORD,KSRQ
9770,EIDW,LFPG
9771,KCLT,MROC
9772,KEWR,KSTL
9773,LEAL,EGNX
9774,KORD,KLAS
9775,KDFW,KATL
9776,VIDP,OMDB
9777,KONT,KSMF
9778,KDFW,KTUS
9779,KJFK,KSFO
9780,KBOI,KSFO
9781,KORD,KSAN
9782,KSJC,KPHX
9783,KPWK,K10C
9784,KNSE,FD82
9785,KBOS,KMCO
9786,ENUL,ENZV
9787,SPJC,SKMA
9788,KSFO,KPHX
9789,KATL,KPDX
9790,KRSW,KBKL
9791,KOPF,KTMB
9792,LSZH,LEBL
9793,KORD,KATW
9794,CYXE,CYYZ
9795,VIDP,VABB
9796,EPWA,LKPR
9797,KJFK,KORD
9798,KDFW,KSAN
9799,KFLL,KBNA
9800,KPDX,KLAS
9801,KMCI,KLAS
9802,KATL,KDTW
9803,KDFW,KMSP
9804,KOAK,KSDF
9805,KMSP,KFLL
9806,UUEE,LIMC
9807,KORD,KMCI
9808,KOMA,KSDF
9809,VABB,VIDP
9810,KPIT,KBFD
9811,KPDK,KCTJ
9812,KPHL,KFLL
9813,LEMD,LPPT
9814,EDDM,LSZH
9815,KSNA,KVNY
9816,EGLL,EGCC
9817,EKCH,OTHH
9818,KDFW,KPSP
9819,LPPR,LFPG
9820,KRSW,KDCA
9821,KLAX,KMDW
9822,LFPG,LKPR
9823,EDRY,EDFE
9824,ULLI,UUDD
9825,KBNA,KTYS
9826,KORD,KORF
9827,ENBO,ENGM
9828,EDDM,EGCC
9829,KMSP,KIAD
9830,FAOR,FACT
9831,KIWA,KATW
9832,KPHL,KBUF
9833,KLAX,KJFK
9834,KLGA,KCLT
9835,KPHX,KMDW
9836,KORD,62IA
9837,EHAM,EGLL
9838,YMML,YBBN
9839,KMSP,KCMH
9840,OTHH,LEZG
9841,KPDX,KATL
9842,VHHH,RCTP
9843,KBWI,KBOS
9844,KORL,KJFK
9845,KDTW,KDFW
9846,KIND,KORD
9847,KORD,KRDU
9848,KFLL,KSAN
9849,LEMD,LPPR
9850,UUEE,UWWW
9851,KDFW,KRIR
9852,KLAX,KUTA
9853,KATL,KDTW
9854,KCRP,KDFW
9855,KORD,KOMA
9856,KBOS,KSAN
9857,LPPT,EGLL
9858,KOMA,KSLC
9859,KSAN,KUTA
9860,KSMF,KSFO
9861,KPWK,KDPA
9862,KORD,KLSE
9863,KCLT,KLAS
9864,KPHX,KPHL
9865,KPDX,KSDF
9866,KPHL,KDAY
9867,KUGN,KJVL
9868,LFPG,LEBL
9869,KATL,KLAX
9870,VECC,VOMM
9871,VIDP,VOBL
9872,KORD,KDEN
9873,KLOU,KJVY
9874,EDDM,EDDV
9875,KMDW,KBNA
9876,CYYJ,CYVR
9877,KIND,KATL
9878,KLOU,64KY
9879,KVGT,KHND
9880,KDFW,KBOI
9881,KFTT,KORD
9882,KDFW,KHOU
9883,ESSA,EGLL
9884,KPDX,KSEA
9885,LFPG,KDTW
9886,KFLL,KEWR
9887,RCTP,VHHH
9888,KORL,KBOS
9889,VOBL,VIDP
9890,KBWI,KRSW
9891,OERK,OMDB
9892,KPHL,KSDF
9893,KBNA,KDEN
9894,KLGA,KCLT
9895,ULMM,ULLI
9896,VECC,VIDP
9897,KBOS,KBNA
9898,LFML,LPPT
9899,EIDW,ESSA
9900,KORD,KLGA
9901,KDFW,KLGA
9902,KCLT,TBPB
9903,KDTW,KBOS
9904,KORL,KLAX
9905,ENVA,ENJB
9906,KATL,KMDW
9907,KRFD,KRIR
9908,EGKK,LEMD
9909,KSDL,KPAN
9910,EETN,EFHK
9911,MD35,KBWI
9912,CYYZ,KRSW
9913,LPPT,EDDB
9914,KATL,KDAL
9915,KPDX,KSAN
9916,KORD,MI84
9917,EKYT,EKCH
9918,KBUR,KSBP
9919,KABQ,KLAX
9920,KLZU,KWDR
9921,UUDD,ULLI
9922,KCWA,KORD
9923,KATL,KSTL
9924,LEPA,LEMG
9925,KPSP,KDFW
9926,LEMD,LEPA
9927,KBDR,KRSW
9928,KBNA,KSTL
9929,KORD,KMSN
9930,KABQ,NM49
9931,KDFW,KSDF
9932,KCLT,28NR
9933,EGCC,LPFR
9934,KDFW,KDEN
9935,KSGF,KSUS
9936,KSMF,KPHX
9937,ESSA,LEBL
9938,KLAX,KEWR
9939,KNSE,KGZH
9940,KCLT,KROC
9941,SBGR,SBBR
9942,KIAD,KATL
9943,KHPN,KDXR
9944,KPHL,KSYR
9945,KDTW,KISM
9946,UUEE,ULMM
9947,KBVI,32PN
9948,KPHX,KLAS
9949,KGRB,KORD
9950,KBUF,KSRQ
9951,UWKD,UUDD
9952,LFPO,LFBO
9953,ENGM,ENVA
9954,KNSE,KMVC
9955,KSAC,KTVL
9956,EDDM,LSZH
9957,KMIA,SBGR
9958,EPWA,LOWW
9959,KDFW,KPDX
9960,KMSP,KMIA
9961,KATL,KRIR
9962,9NC9,KCLT
9963,KPHL,VT09
9964,KGEU,KPAN
9965,KIWA,KLAS
9966,CYYZ,CYYC
9967,KSDL,KCMA
9968,LPPR,LSGG
9969,SBGR,SBRJ
9970,VHHH,PANC
9971,KDFW,KSNA
9972,KMKE,KDFW
9973,KSFO,KLAX
9974,KLAS,KSDL
9975,VOMM,VIDP
9976,KORL,KSTL
9977,KDEN,KLAS
9978,SBSP,SBRJ
9979,KSRQ,KFXE
9980,KCLT,KSRQ
9981,KDCA,KDAL
9982,KPHL,KISP
9983,KONT,4IL3
9984,KSGF,KORD
9985,KOAK,KBUR
9986,KGEU,KPRC
9987,KSJC,KLAX
9988,KOSU,9OA9
9989,KMSP,KEWR
9990,KOWD,K1B9
9991,KDEN,KSLC
9992,KDFW,KLGA
9993,MI89,KORD
9994,LIRF,EDDM
9995,KCLT,KPHX
9996,KPHL,NK01
9997,KPDX,KMSP
9998,CYYJ,CYVR
9999,EHEH,LEMG
10000,KORD,KATL
10001,LIML,EGKK
10002,KDEN,KSDF
10003,EDDL,EDLW
10004,RKSI,PANC
10005,82PA,KSRQ
10006,KLAX,CYVR
10007,KFRG,49NY
10008,KBNA,KDFW
10009,KSNA,KDFW
10010,KSAN,KSFO
10011,KATL,KDEN
10012,KJFK,KRDU
10013,LSGG,EDDF
10014,KATL,KJFK
10015,KPHX,KPDX
10016,KMSP,KRSW
10017,EDDF,LFPG
10018,EGLL,ESGG
10019,KVNY,KBUR
10020,KPWK,KTEB
10021,KPDX,KMDW
10022,KSUS,KAPF
10023,KHOU,KDAL
10024,KBOS,KMSP
10025,KDFW,KSLC
10026,KCLT,KABE
10027,KLBE,PN66
10028,LIPD,LIPA
10029,LIME,EKCH
10030,KSNA,KORD
10031,KSDL,KPAN
10032,KBVI,32PN
10033,KDEN,KMSP
10034,KPHL,KALB
10035,KSTL,KDEN
10036,CYUL,KFLL
10037,KORD,KTOL
10038,LFPG,EDDF
10039,EFHK,EBBR
10040,EDFE,EDLN
10041,KATL,KMSP
10042,KORD,KLAS
10043,KLAS,KPDX
10044,KPHX,KSDF
10045,KNSE,KGZH
10046,KSFO,KPDX
10047,EKCH,EKRN
10048,KPAE,KPHX
10049,6NY1,KDTW
10050,SBGR,SBCO
10051,KCLT,KBKL
10052,KATL,KSNA
10053,KJFK,KDTW
10054,KPHL,KORF
10055,KBWI,KHOU
10056,KDEN,KSTL
10057,KLAX,KDFW
10058,SBBR,SBGR
10059,KDFW,KMIA
10060,KSTL,KATL
10061,KORD,KSEA
10062,KORE,KBED
10063,KHOU,KDEN
10064,LEIB,EHAM
10065,KMSP,KMCI
10066,KSNA,KMSP
10067,KLAS,KDAL
10068,LPFR,EHEH
10069,LPPT,EGCC
10070,ENZV,ENVA
10071,EDDM,OTHH
10072,KATL,KSEA
10073,KOMA,KPHX
10074,KJFK,KCLT
10075,KORD,KPHX
10076,KPHX,KDAL
10077,KMIA,KATL
10078,KSEA,KPDX
10079,LFPG,EDDM
10080,KTEB,KBED
10081,LSZH,OTHH
10082,KNSE,K12J
10083,ENBR,ENGM
10084,KPSP,KSFO
10085,KSNA,KLAS
10086,LYBE,UUWW
10087,KATL,KEWR
10088,SBBR,SBRJ
10089,VHHH,RCTP
10090,KORD,KBKL
10091,KDEN,KJFK
10092,EKCH,EDDM
10093,KOXR,KVNY
10094,KDCA,KMCO
10095,KDAL,KATL
10096,KSAN,KPDX
10097,CYOW,CYYZ
10098,KMSP,KLAS
10099,KAPA,KMKC
10100,KLGA,KATL
10101,KTUS,KPHX
10102,KMCI,KDAL
10103,KMIA,KCMH
10104,KPHX,KBOI
10105,KCLT,KIAD
10106,KDTW,KROC
10107,EDDM,KEWR
10108,VIDP,VABB
10109,KABE,KMQS
10110,KATL,SC32
10111,TJSJ,KSDF
10112,KOPF,KVNC
10113,KLAX,KMCI
10114,KONT,KDEN
10115,KLAS,KATL
10116,OMDB,VOBL
10117,KSAN,KBOI
10118,61VA,KJYO
10119,KCLT,NC71
10120,LFPO,LFBO
10121,KPHL,KMDT
10122,KLGA,KCMH
10123,KPHX,KORD
10124,KMSP,KMDW
10125,KSNA,KPDX
10126,KADG,KJXN
10127,LIMC,LICJ
10128,KSMF,KSAN
10129,LSZH,ESGG
10130,CYVR,KSEA
10131,CYYZ,CYVR
10132,EHAM,LEMG
10133,KATL,KDEN
10134,KLAX,KSFO
10135,KSFO,KSAN
10136,KSAT,KDEN
10137,KDTW,KRSW
10138,KTUL,KDEN
10139,KMKE,KORD
10140,LEAL,EBBR
10141,KJFK,KDCA
10142,KSAN,KSEA
10143,KBWI,KDTW
10144,KDFW,KRSW
10145,EIDW,EHAM
10146,KLAS,KMDW
10147,KSNA,KPHX
10148,KONT,CL46
10149,SKBO,KMIA
10150,KMDW,KISM
10151,KDTW,KGRB
10152,KPHX,KPHL
10153,LEPA,LEMG
10154,KSMF,KPHL
10155,KDAL,KSAN
10156,CYYC,CYYZ
10157,SBSP,SBCO
10158,ZGSZ,ZUCK
10159,LYBE,UUEE
10160,KORD,KBOI
10161,KPSP,KLAX
10162,KSNA,KSEA
10163,KABE,KMQS
10164,KECP,KDFW
10165,KBUR,KSFO
10166,KLUK,KFMY
10167,KLAX,KORD
10168,KMIA,MROC
10169,KATL,KLAS
10170,KABQ,KDAL
10171,KATL,MROC
10172,KSEA,KLAS
10173,KPHL,KMCI
10174,VOBL,VECC
10175,OMSJ,VIDP
10176,KLGA,KRSW
10177,KSBP,KPHX
10178,KLZU,0GA4
10179,KMSP,KSDF
10180,KSAT,KDFW
10181,KPDK,KBNA
10182,KDTW,KBUF
10183,KBOI,KSEA
10184,YBBN,YSSY
10185,KDVT,AZ05
10186,KTEB,KFRG
10187,KBFI,KSDF
10188,KMDW,KSTL
10189,KHPN,KOPF
10190,KORD,KDCA
10191,KPHX,KLAS
10192,KSRQ,KFXE
10193,ENBO,ENGM
10194,CYVR,CYCD
10195,KDAL,KTUL
10196,KOAK,KSNA
10197,KEWR,KBUF
10198,KSFO,KORD
10199,KLAX,KJFK
10200,KCLT,KBNA
10201,KDFW,KABQ
10202,KATL,KDEN
10203,KDTW,KMKE
10204,KMIA,KBOS
10205,KLGA,KFLL
10206,UWWW,UUDD
10207,KATL,86GA
10208,KBOS,KLAS
10209,KORD,KFLL
10210,KSAN,KHOU
10211,KCLT,KHSV
10212,KSNA,KORD
10213,KTPA,KFLL
10214,KLAS,KEWR
10215,KPHX,KSTL
10216,KATL,KECP
10217,EIDW,LEMG
10218,KATW,KDTW
10219,EGLL,KATL
10220,KOAK,KBWI
10221,KDFW,KPHX
10222,LEMD,EGKK
10223,LIMC,OTHH
10224,KCLE,KRSW
10225,KAUS,KEWR
10226,FALA,FACT
10227,KLGA,KMCI
10228,KATL,KLAS
10229,UAII,UAAA
10230,KTUS,KRYN
10231,VHHH,VABB
10232,KRSW,KEWR
10233,KCLT,KPHL
10234,PANC,KSEA
10235,KMIA,KLGA
10236,KDAL,KMCI
10237,KPHX,KHOU
10238,KATL,KDFW
10239,KAUS,KDEN
10240,KBWI,KFLL
10241,OBBI,OMDB
10242,KTEB,KBED
10243,LEMD,LEIB
10244,KSAN,KPHX
10245,KORL,KBNA
10246,EFHK,ESSA
10247,KORD,KTUL
10248,KBUR,KSBP
10249,KIAH,KDFW
10250,KDEN,KPHX
10251,KDTW,KCMH
10252,KPHX,KATL
10253,KHRJ,KRDU
10254,KLGB,KSMF
10255,KDFI,13OH
10256,EDDF,EGLL
10257,KLAS,KBNA
10258,LEMD,LFPO
10259,LEMG,EKBI
10260,KSEA,KLAX
10261,KOAK,KHOU
10262,EDDB,EDDF
10263,KMSP,KATL
10264,VIDP,VABB
10265,PANC,KSEA
10266,KORD,KHHR
10267,KPDX,KSLC
10268,KCHD,KSDL
10269,KPHX,KSAN
10270,KDEN,KDAL
10271,KSYR,KJFK
10272,EGCC,OTHH
10273,KDAL,KPHX
10274,KPYM,K1B9
10275,KDFW,KMCI
10276,KSAN,KATL
10277,KSRQ,KPDK
10278,35OR,KLAX
10279,KYIP,5MI7
10280,CYVR,KSFO
10281,LFLB,LFPB
10282,KLAX,KJFK
10283,KBNA,KDCA
10284,KSEA,KSMF
10285,KFMY,KVNC
10286,KORD,KSNA
10287,KDTW,KATW
10288,KOAK,KPDX
10289,KATL,KBWI
10290,8GA7,KPDK
10291,KATL,KTUS
10292,KSAN,KORD
10293,KTEB,KBUF
10294,KDEN,KOMA
10295,KSFO,KJFK
10296,ULLI,UUWW
10297,KORD,KMCI
10298,KATL,KBUF
10299,KDFW,KHHR
10300,KORL,KDEN
10301,LFPO,LFRJ
10302,SKBO,KMIA
10303,KSLC,KORD
10304,KIAD,KPWK
10305,KMDW,KDCA
10306,CYYZ,KSRQ
10307,KDEN,KSAN
10308,EPWA,LHBP
10309,KBOI,KLAX
10310,EDDP,EGNX
10311,KSJC,KLAS
10312,KORD,KSFO
10313,CYYZ,CYOW
10314,CYYC,CYVR
10315,KSAT,TE62
10316,KDEN,KFLL
10317,UUEE,EHAM
10318,KNSE,0AL5
10319,VABB,VIDP
10320,KORD,KSAN
10321,KDTW,KDAY
10322,KSMF,KORD
10323,KPHL,EDDK
10324,KORD,KDFW
10325,SC86,4SC4
10326,KEWR,KCVG
10327,KORE,KBED
10328,KDCA,KPHX
10329,KSEA,KSTL
10330,ZGSZ,ZUCK
10331,ENGM,ENZV
10332,LSZH,ESSA
10333,KFRG,KPHL
10334,OERK,OMDB
10335,KMSP,KPHX
10336,KBOI,KLAS
10337,KFAT,KLAX
10338,KTPA,KORD
10339,KPHX,KSNA
10340,KTEB,KPTK
10341,KSAN,KLAS
10342,KLAS,TS53
10343,EPWA,UKBB
10344,KSJC,KSEA
10345,KMDW,KOMA
10346,LEMD,LIRF
10347,KDFW,KCOS
10348,KONT,KSDF
10349,KDCA,KBOS
10350,KATL,KPHL
10351,KBUR,KPHX
10352,KORD,KSLC
10353,KEWR,KORF
10354,KPDX,KSEA
10355,OTHH,LTFJ
10356,KSBA,KPHX
10357,SBRJ,SBSP
10358,KSKA,KSEA
10359,KATL,KBWI
10360,KATL,KPHX
10361,KRSW,KMSP
10362,RPLC,ZGSZ
10363,ZGSZ,WMKK
10364,KDFW,KSDF
10365,KORD,KDEN
10366,FAOR,FACT
10367,KSNA,KVNY
10368,ESGG,ESSA
10369,KBWI,KCLT
10370,KSTL,44IS
10371,LEMD,EGLL
10372,KLAX,KLAS
10373,EHAM,EKCH
10374,CYMX,CNV9
10375,KDTW,KCLT
10376,TXKF,KBOS
10377,KHPN,KBED
10378,KD95,KPTK
10379,KAPF,KVNC
10380,KMDW,KCMA
10381,KORD,KDEN
10382,KATL,KTUL
10383,KATL,KMIA
10384,KFLL,KATL
10385,KDTW,KLGA
10386,KLAS,KATL
10387,KOAK,KSEA
10388,SSJC,SBRJ
10389,KSFO,KDTW
10390,KOMA,KAPA
10391,KMDW,KHOU
10392,EHAM,EGCC
10393,KCLT,KBOS
10394,VOBL,VABB
10395,KNSE,K12J
10396,KCTJ,NC16
10397,GMMN,LFBO
10398,KMDT,KCLT
10399,EDDK,LOWW
10400,KSYR,8FA4
10401,KLAX,KS03
10402,LSZH,EHAM
10403,KPHL,KSRQ
10404,LIRF,OTHH
10405,SKBO,CYYZ
10406,KORD,KSAT
10407,KPHX,KLAX
10408,KSMF,KRIR
10409,KHPN,KSRQ
10410,KDFW,KFLL
10411,KDTW,KPHX
10412,KDAL,KISM
10413,KPDX,KORD
10414,KNSE,K12J
10415,KMDW,KMSP
10416,KDEN,KEWR
10417,KLOU,59KY
10418,KHWD,KOAK
10419,02II,K5I4
10420,KOAK,KPHX
10421,UKKK,EDDH
10422,LEMG,EGGD
10423,UAAA,UAII
10424,KATL,KPHX
10425,KPSP,KPHX
10426,KORD,KDCA
10427,YSBK,YBBN
10428,KVNY,KLAS
10429,K2W6,KCGE
10430,EGPH,EGGD
10431,KSFO,KJFK
10432,KDFW,KPHL
10433,EPWA,EPRJ
10434,KDFW,KSBP
10435,KORL,KPHL
10436,KFLL,KBNA
10437,LFPG,LSGG
10438,LFPG,EGLL
10439,VABB,VIDP
10440,KDTW,KPIT
10441,KSEA,KLAX
10442,KPDK,KVPC
10443,KCLT,KMKE
10444,LSZH,LSGG
10445,UUEE,LFPG
10446,KMHR,KSDF
10447,EGNX,EIDW
10448,EHAM,LSGG
10449,KBNA,KDAL
10450,EDDF,EHAM
10451,KDEN,07KY
10452,KLAX,KBNA
10453,KDTW,11NY
10454,KATL,KSFO
10455,EGLL,OTHH
10456,LGAV,EHAM
10457,KMDW,KSMF
10458,SSJC,SBBR
10459,ZGSZ,RJBB
10460,KTEB,KMMU
10461,KDFW,KSMF
10462,KBNA,KTEB
10463,KFCM,KANE
10464,ESNZ,ESSA
10465,VOBL,VIDP
10466,KDFW,KBNA
10467,EHAM,EDDB
10468,KORD,KPDX
10469,KDTW,CYYZ
10470,KFLL,KBWI
10471,KPHL,KRSW
10472,SPJC,SKBO
10473,KPDX,KSDF
10474,KCRQ,KVNY
10475,KAUS,KLAS
10476,KLAX,KPHX
10477,KSAN,KDTW
10478,KLAS,KHHR
10479,FAOR,FACT
10480,VIDP,VOMM
10481,KSMF,KSEA
10482,LFBD,GMMN
10483,KPHX,KSFO
10484,PANC,KORD
10485,KATL,KHOU
10486,ENZV,ENGM
10487,EGCC,EGLL
10488,KFFZ,KCGZ
10489,KATL,KFLL
10490,KIAG,KPGD
10491,KSDF,KATL
10492,KDFW,KLAS
10493,KLAS,KJFK
10494,KATL,KORD
10495,KDTW,KSDF
10496,KTPA,KMIA
10497,KSEA,KPDX
10498,VABB,VOBL
10499,EHAM,EDDF
10500,EDDM,LEPA
10501,LIPE,LPPT
10502,KBNA,KDTW
10503,KDFW,KEWR
10504,KHWO,KOPF
10505,EGLL,LLSD
10506,KLAX,KLAS
10507,KAUS,KPHX
10508,KATL,KSLC
10509,KCLW,KSPG
10510,KATW,KBNA
10511,KMIA,KORD
10512,ENGM,ENVA
10513,KBWI,KMCI
10514,KDAL,KSTL
10515,KSEA,KSFO
10516,KORD,KMIA
10517,VOBL,VABB
10518,KHWY,3VA3
10519,KECP,KATL
10520,KNSE,KMVC
10521,KLAX,KSFO
10522,KLAS,KDTW
10523,KBOS,KORD
10524,KSLC,KSFO
10525,CYYC,KMSP
10526,KSEA,KLAX
10527,EHAM,EGGD
10528,KHQZ,KADS
10529,KATL,KRDU
10530,KDFW,KISM
10531,KPDX,KORD
10532,KBNA,KATL
10533,ESSA,EDDF
10534,KONT,KDAL
10535,OTHH,VABB
10536,KSAN,KSFO
10537,KDVT,KFFZ
10538,KSTL,KDFW
10539,KDTW,KORF
10540,KATL,KMDT
10541,KSMF,KATL
10542,LFML,LFPO
10543,KATL,KRSW
10544,CYYC,CYYJ
10545,KBFI,4IL3
10546,CYYZ,CYYC
10547,ENGM,ENZV
10548,KDEN,KPUB
10549,KLAX,KSEA
10550,EPWA,EPPO
10551,KATL,KLGA
10552,VHHH,RJBB
10553,KMSP,KMSN
10554,LEMD,LEBL
10555,KDEN,KPDX
10556,KFDK,KDMW
10557,KOAK,CL77
10558,KBNA,KHOU
10559,KHSV,KDFW
10560,KLAS,KPHX
10561,KSEA,KLAS
10562,KLOU,KJVY
10563,KMDW,KLAS
10564,EDDP,LIMC
10565,KWDR,KLZU
10566,KLNS,KABE
10567,KEWR,KMSP
10568,8MI9,MI29
10569,KATL,KDEN
10570,KATL,KFLL
10571,KMDT,8FA4
10572,KBUR,KSJC
10573,KATL,KIAD
10574,KSAN,KSFO
10575,KDFW,KFAT
10576,KCMH,KDAL
10577,KDTW,46MI
10578,KPHX,KDFW
10579,KDEN,KSFO
10580,LPPT,EHAM
10581,KATL,KJFK
10582,ULLI,UUMO
10583,KEWR,01FA
10584,KDCA,KORD
10585,KLGA,KDEN
10586,KIAD,KEWR
10587,KLGB,KSLC
10588,KLAS,KORD
10589,KORD,KISM
10590,KPDX,KLAX
10591,SSJC,SBGR
10592,KDAL,KHOU
10593,KOMA,KLAS
10594,KSEA,KSFO
10595,VIDP,VABB
10596,KMDW,KMIA
10597,KCMH,KBNA
10598,KRFD,KPDX
10599,SBBR,SBGR
10600,KLOU,3IN6
10601,KDTW,KBTL
10602,KPDK,4GA9
10603,KATL,KPHL
10604,KPHL,KCLT
10605,KSTL,KCLT
10606,VECC,VABB
10607,KPSP,KSEA
10608,KTEB,KOPF
10609,KORL,KMDW
10610,LFPG,LFBD
10611,KDFW,CYYC
10612,KATL,KMSN
10613,KCVG,KCLT
10614,PANC,6AK3
10615,KSEA,KDFW
10616,LSZH,EGLL
10617,KIAD,KSRQ
10618,LEZG,OTHH
10619,KEWR,KDEN
10620,KOAK,KDAL
10621,LFPO,LIRF
10622,KLAX,KLAS
10623,KDEN,KPHX
10624,KFLL,KEWR
10625,KSTL,KDEN
10626,KPHX,KFHU
10627,KMDW,KHOU
10628,UMMS,UKBB
10629,KSFO,KLAS
10630,KORD,K8C4
10631,KLAS,KLAX
10632,KATL,KBWI
10633,KGRR,KDTW
10634,KSEA,KORD
10635,EIDW,EGLL
10636,KBFI,KSDL
10637,KSAN,KOAK
10638,KDFW,KRIR
10639,KDEN,KMKE
10640,CYVR,CYYJ
10641,UUDD,EDDF
10642,KMDW,KLGA
10643,KLAS,KPHX
10644,KSLC,KOAK
10645,KATL,KVPS
10646,KDEN,KLAS
10647,KSJC,KRIR
10648,KMMU,KCDW
10649,KMIA,KEWR
10650,ENGM,EKCH
10651,KMSP,KISM
10652,KPHX,KORD
10653,KSAN,KMDW
10654,KDTW,KMDT
10655,KRDU,KLGA
10656,KMDW,KPHX
10657,LEMD,EKCH
10658,KLGA,KDFW
10659,LHBP,LLBG
10660,KATL,KPDK
10661,CYYZ,KRSW
10662,KORD,KSNA
10663,KLAS,KORD
10664,KCGZ,KFFZ
10665,KPHL,4IL3
10666,EFHK,LKPR
10667,KTEB,KMIA
10668,EPWA,EPGD
10669,KVNY,KSDL
10670,KORD,KFLL
10671,KMIA,KLGA
10672,KAVP,KORD
10673,EDDF,LIML
10674,KSAN,KDFW
10675,LEMD,LSGG
10676,EIDW,EGPG
10677,KATL,09MO
10678,KHSV,KATL
10679,KSGF,KDEN
10680,EGAC,EGHI
10681,KHND,KSNA
10682,LFPG,EGCC
10683,KCVG,KATL
10684,KLAX,KDCA
10685,SKBO,KFLL
10686,LEMD,EBBR
10687,KMYF,KREI
10688,TJSJ,KJFK
10689,KATL,KSDF
10690,KDCA,KBOS
10691,KAJO,CA89
10692,LSZH,EDDH
10693,KPSP,KSFO
10694,KMDW,KRSW
10695,KRDU,KHRJ
10696,KMMU,KPDK
10697,VECC,VABB
10698,SBBR,SBGR
10699,KDTW,KRSW
10700,KCLE,KDTW
10701,LTFJ,LTAC
10702,KFLL,SKBO
10703,UUEE,ULLI
10704,PANC,KSDF
10705,EKCH,EKYT
10706,KATL,KEWR
10707,KHPN,KSWF
10708,KDTW,KLAS
10709,EGKK,EGPG
10710,LFPG,KJFK
10711,KSEA,35OR
10712,SBRJ,SBVT
10713,KSTL,KCLT
10714,KPHX,KTUS
10715,RKSI,PANC
10716,KEWR,KPHX
10717,LFPO,GMMN
10718,KHOU,KDAL
10719,ZGSZ,ZUCK
10720,KMDW,KLAX
10721,KIAD,90VA
10722,KCWA,KDTW
10723,KORD,KSTL
10724,KATL,KSRQ
10725,LSZH,LOWW
10726,LIME,EBCI
10727,CYYJ,CYVR
10728,KFLL,KRDU
10729,KBNA,KPHX
10730,KPDK,KECP
10731,KDTW,KMKE
10732,KTPA,KBKL
10733,KLAX,KBOS
10734,KSNA,KSLC
10735,UUEE,ULLI
10736,EGKK,EGAA
10737,KBWI,KFLL
10738,KDAL,KMDW
10739,KPAN,KSDL
10740,KEWR,KBOS
10741,LMML,LFML
10742,KRSW,KCMH
10743,LEMG,LPPT
10744,KIAD,KRDU
10745,SBSP,SBGR
10746,KACY,KRSW
10747,ULLI,UUWW
10748,KATL,KDAY
10749,K3CK,6IL2
10750,EPGD,EPKK
10751,KLAS,KSEA
10752,KCLT,KATL
10753,SBGR,SBBR
10754,KPIT,KATL
10755,KGSO,KATL
10756,KDEN,KHOU
10757,KPDK,KECP
10758,LSZH,LPPT
10759,VABB,VIDP
10760,KEWR,KMIA
10761,EPWA,EPKT
10762,VOBL,VIDP
10763,KSLC,KSAN
10764,KLUK,KAPF
10765,CYVR,CYCD
10766,KONT,KPHX
10767,KPHX,KLAX
10768,WMKK,RKSI
10769,KFDK,KGAI
10770,KAPA,CO86
10771,EHAM,EDDV
10772,KABQ,KDFW
10773,KDTW,KIAD
10774,KPHX,33AZ
10775,KSNA,KDFW
10776,VOMM,VIDP
10777,KTUS,KPHX
10778,LIPX,LICJ
10779,EPWA,EHAM
10780,OMDW,VHHH
10781,9NC9,KCLT
10782,KDEN,KSMF
10783,OBBI,OMDB
10784,OMAA,OBBI
10785,KPHX,KFLL
10786,KRDU,KATL
10787,CYVR,CYYZ
10788,KBWI,KATL
10789,KIAD,KRSW
10790,KSLC,KLAX
10791,VIDP,VOBL
10792,KATL,KMDW
10793,KDFW,KSDF
10794,KSNA,KSMF
10795,KDEN,KLAX
10796,KMSN,KGRB
10797,CYYZ,CYUL
10798,KFFZ,KPAN
10799,LTBA,LLBG
10800,KRDU,KATL
10801,KLAX,KDFW
10802,KIAD,KATL
10803,KBWI,KSRQ
10804,KIAD,KBKL
10805,KDEN,KISM
10806,KSEA,KISM
10807,LEMD,LPPR
10808,KBUR,KSLC
10809,LEMD,LIPE
10810,KBOS,KORD
10811,KIAH,KSFO
10812,KDTW,KATL
10813,KTPA,KRDU
10814,VIDP,VECC
10815,KBOI,KSJC
10816,YBBN,YMML
10817,KTYS,KATL
10818,KSFO,KSEA
10819,KIAD,KSAN
10820,KPHX,KABE
10821,KMIA,MGGT
10822,KATW,KORD
10823,KONT,KSJC
10824,KDEN,KBOS
10825,KRDU,KPGD
10826,KCLT,KDAY
10827,KLAX,KSEA
10828,KSEA,KPHX
10829,VOMM,VOBL
10830,VOBL,VOMM
10831,KMDW,KMCO
10832,SBRJ,SBSP
10833,KSLC,KSFO
10834,KSTL,KRSW
10835,KU77,KPVU
10836,SBGR,SBBR
10837,KSEA,KBOS
10838,KATL,KOPF
10839,KORD,KMIA
10840,LFPO,LPPT
10841,LPFR,EGSS
10842,VABB,VIDP
10843,KIAD,KMIA
10844,KIAH,KSMF
10845,ENBR,ENGM
10846,KEWR,KCMH
10847,KORD,KDTW
10848,ULLI,UUEE
10849,KCLW,KPIE
10850,KBWI,KMIA
10851,KORD,KHSV
10852,KRSW,KBOS
10853,RPLL,RKSI
10854,KDEN,KSEA
10855,KFLL,KPHL
10856,KSTL,KRDU
10857,KLAX,KISM
10858,KONT,CL46
10859,SBBR,SBSP
10860,KLAS,KSFO
10861,LFBO,EHAM
10862,KBNA,KECP
10863,KLGA,KMCO
10864,KPHX,16AZ
10865,KPDX,KSJC
10866,KBOS,KDFW
10867,KBWI,KSTL
10868,LEMD,LIML
10869,UKKK,LZIB
10870,KIAH,KSJC
10871,KIAD,KBNA
10872,KRSW,KBOS
10873,KSLC,KSJC
10874,KLAX,KSTL
10875,KDTW,KFLL
10876,KARR,K06C
10877,KOAK,CL77
10878,KIAD,KBUF
10879,KDFW,4IL3
10880,KNSE,FD82
10881,KEWR,KRSW
10882,KPDX,KSEA
10883,LFPG,LFRS
10884,KSEA,KOAK
10885,KRSW,KSYR
10886,KLAX,KDAL
10887,KLAS,KCRQ
10888,CYYZ,KRSW
10889,KSTL,KDCA
10890,KLBE,PN66
10891,VABB,VOBL
10892,4GA9,KPDK
10893,KCRQ,KRNM
10894,KFFZ,KCGZ
10895,EGGW,LSZH
10896,KI23,KI69
10897,OMDW,LROP
10898,KDAL,KBNA
10899,KPHL,KRSW
10900,ENVA,ENGM
10901,ENGM,OTHH
10902,LFST,LFBD
10903,KLAX,KMCI
10904,LPPT,LPPD
10905,LEPA,LEIB
10906,KIAD,CYUL
10907,KSLC,KLAS
10908,CYYZ,CYUL
10909,KIAD,KLAS
10910,CYVR,KSEA
10911,OMDW,UUEE
10912,KORF,KCLT
10913,ENGM,ENBO
10914,EDDG,EDDM
10915,ESSA,ENGM
10916,KPAN,KSDL
10917,KDFW,KSLC
10918,KSNA,KSMO
10919,KAPA,KSDL
10920,KTPA,KEWR
10921,KCMH,KATL
10922,KSEA,KGEG
10923,KDAL,KPHX
10924,92PA,KBTP
10925,KEWR,KFLL
10926,EHAM,EDDW
10927,KPGD,KTYS
10928,KDTW,KSYR
10929,KOZW,K45G
10930,KLAX,KSLC
10931,KPHX,16AZ
10932,EGPF,EGLL
10933,LEMD,EDDM
10934,EKCH,EKYT
10935,KPSP,KLAX
10936,VOBL,VOMM
10937,NC31,5NC3
10938,EGBB,LEBL
10939,KSJC,KSEA
10940,KORD,KRSW
10941,KIAH,KSNA
10942,KNSE,FD82
10943,KMKE,KSDL
10944,KBFI,KPAE
10945,EBCI,LEAL
10946,KDVT,AZ05
10947,KLGB,KVNY
10948,KEWR,KBOS
10949,KSEA,KSJC
10950,KPDX,KSEA
10951,KMDW,KHPN
10952,KSFO,KSAN
10953,ESSA,EKCH
10954,KIAD,KLAX
10955,KDEN,KSLC
10956,KRSW,KHPN
10957,KSDL,KHND
10958,KBNA,KCLT
10959,KBOS,KDTW
10960,KSEA,KSNA
10961,KCLT,NC71
10962,LPPT,LPPR
10963,VIDP,VOMM
10964,KLAX,KSEA
10965,VOMM,VIDP
10966,EKCH,ENUL
10967,KORF,KORD
10968,EHAM,EDDN
10969,KABQ,KMDW
10970,VECC,VIDP
10971,KPIE,KSPG
10972,KMJX,KTTN
10973,KMGW,WV65
10974,KBNA,KDTW
10975,KRDU,KJFK
10976,KPAE,KSAN
10977,KORD,KMSP
10978,KDTW,KABE
10979,KSJC,KLAX
10980,KSLC,KRIR
10981,KSEA,KSAN
10982,EGPE,EGKR
10983,KBNA,KSTL
10984,LKPR,LEMG
10985,LIPZ,EDDF
10986,KLZU,67GA
10987,KEWR,KSFO
10988,KHYA,KBED
10989,KIAD,KPDK
10990,KDEN,KSLC
10991,CYYC,KMSP
10992,KHOU,KTUL
10993,LFPO,LPPT
10994,LSZH,LFPG
10995,KSNA,KATL
10996,KPHX,KSAN
10997,VOBL,VIDP
10998,LTAC,LTFJ
10999,KSEA,KSJC
11000,KORD,KSAN
11001,KBOS,KMSS
11002,EDDF,LKPR
11003,KIAD,KSDF
11004,CYXE,CYYC
11005,YMML,YBBN
11006,KAPA,CO86
11007,KOAK,KSNA
11008,KIAD,KROC
11009,KSDL,KVNY
11010,KBVY,6MA2
11011,KSTL,KEWR
11012,EDDM,EDDL
11013,KGSO,KORD
11014,KPWK,KMDW
11015,KSNA,KSFO
11016,KLAS,KPDX
11017,KHYA,KBED
11018,VECC,VIDP
11019,KBOI,KORD
11020,ENGM,ENZV
11021,KPHL,KIAD
11022,KSJC,KLGB
11023,KSFO,KDFW
11024,KBNA,KDCA
11025,KMDW,KSEA
11026,KSEA,KBOI
11027,KOAK,KLAX
11028,KBWI,KATL
11029,KFAT,KSLC
11030,KATL,KBOS
11031,KORL,KDEN
11032,KONT,KPHL
11033,KSLC,KJFK
11034,KLAX,KEWR
11035,KIAD,KSFO
11036,KFDK,KHGR
11037,LSGG,LPPT
11038,KRDU,KCLT
11039,LFPO,LEBL
11040,KPHX,KSEA
11041,EGAC,EGPH
11042,KDEN,KSJC
11043,KDEN,KSEA
11044,KSEA,KPSP
11045,KBOS,KBKL
11046,VIDP,VECC
11047,LEMG,LFPG
11048,KFHR,KBFI
11049,KPIT,KBOS
11050,KDAL,KSEA
11051,KEWR,KSRQ
11052,YMML,YBBN
11053,LOWW,EDDF
11054,KAPA,KPHX
11055,LIBD,LIPE
11056,KTUS,KLAX
11057,KVNY,KHHR
11058,KIAD,KHSV
11059,KIAD,KALB
11060,KSLC,KORD
11061,KHND,KAPA
11062,KCNO,KCMA
11063,KSAN,KEWR
11064,KATL,KRSW
11065,LFPO,LPPR
11066,KLAS,KSAN
11067,KATL,KTYS
11068,OTHH,VOMM
11069,CYCD,CYVR
11070,KIAD,KDAY
11071,KLAF,KCFJ
11072,LHBP,EHAM
11073,KCMH,KCLT
11074,KPHL,KOPF
11075,KPDX,KSFO
11076,KBUR,KSFO
11077,KSNA,KSJC
11078,KIAD,NC63
11079,KIAD,KEWR
11080,LIPE,EHAM
11081,KPHX,KATL
11082,KRSW,KHPN
11083,KNSE,KGZH
11084,EIDW,LPPT
11085,KMDW,KDAL
11086,KMSP,KDEN
11087,UUEE,OMDB
11088,KHWO,KOPF
11089,CYVR,CYYJ
11090,VOMM,VIDP
11091,LFBO,LFBD
11092,EHAM,EDDL
11093,LEPA,LEMD
11094,KTEB,KPDK
11095,KCLT,KBWI
11096,WSSS,RCTP
11097,KPHL,KSDF
11098,LFPG,GMMN
11099,KBOI,KSDL
11100,KDEN,KORD
11101,KBWI,KCMH
11102,KATL,KDTW
11103,EDDF,LOWW
11104,KERV,K5C1
11105,ELLX,OMDW
11106,KSRQ,KORD
11107,KPHX,4IL3
11108,KSNA,KUDD
11109,KIAD,KFLL
11110,KDAL,KPTK
11111,KIAD,KORF
11112,KATL,KMSP
11113,LFBO,LFPO
11114,KRSW,KORD
11115,KMKE,KATL
11116,KTPA,KORD
11117,LIML,LIBD
11118,KMSP,KPHL
11119,KTEB,KAPA
11120,KLAX,KATL
11121,KSTL,KPHX
11122,KI73,12II
11123,KPHL,KBOS
11124,KOAK,KAFW
11125,KPHX,KPDX
11126,KDEN,KHHR
11127,KPOC,KCCB
11128,K61B,K1G4
11129,KRSW,KBUF
11130,PANC,6AK3
11131,KHEF,VA45
11132,KIAD,KBOS
11133,KIAH,KSAN
11134,LFPO,LEAL
11135,KBNA,KLGA
11136,KSJC,KPHX
11137,KMYF,KRNM
11138,KFDK,MD75
11139,KSTL,KFLL
11140,LIMC,LFPG
11141,MROC,KEWR
11142,KCLT,KIAD
11143,KBUR,KSMF
11144,KATL,TXKF
11145,KSEA,KJFK
11146,KEWR,KATL
11147,KABQ,KPHX
11148,LKPR,EHAM
11149,KLAS,KSFO
11150,KORL,KPHX
11151,VOMM,VIDP
11152,KNSE,K12J
11153,ENBO,ENVA
11154,KBUF,KBWI
11155,KHOU,KSTL
11156,LFPO,LEMG
11157,RCTP,RJBB
11158,KIAD,KCLT
11159,KIAH,KABQ
11160,EGCC,EDDF
11161,KFLL,KBOS
11162,KLAX,KORD
11163,KSNA,KPHX
11164,KMCI,KEWR
11165,KSEA,KPHL
11166,KLGB,KPHX
11167,KSJC,KLHM
11168,KIAD,KCMH
11169,KSRQ,KFXE
11170,KDAL,KLAX
11171,SBSP,SBVT
11172,KSFO,KATL
11173,KVNY,KDAL
11174,KLUK,KHAO
11175,ENGM,ENVA
11176,KLAX,KSAT
11177,EKRN,EKCH
11178,EKAH,EKCH
11179,KSEA,KPDX
11180,KLOT,84IL
11181,LPPT,LFPG
11182,ESGG,EHAM
11183,KSMF,KDFW
11184,KSDL,KLAS
11185,KHOU,KDEN
11186,KFLL,MROC
11187,KIAD,KAUS
11188,EGNX,EDDK
11189,KSNA,KSFO
11190,KEWR,CYUL
11191,KBOS,KBWI
11192,KDAL,KOAK
11193,KBUR,KTEB
11194,FAOR,FACT
11195,RPLL,RKSI
11196,KATL,KPHL
11197,K47A,4GA0
11198,KORD,KDEC
11199,VOBL,VABB
11200,EDDM,EDDH
11201,KSAN,KMSP
11202,YBBN,YPAD
11203,KSDM,KRIR
11204,ENVA,ENBO
11205,EGLL,ENGM
11206,KPDX,KATL
11207,KHEF,KCGE
11208,SPJC,KMIA
11209,KTPA,KPHX
11210,KORD,KLAS
11211,KIAD,KSEA
11212,KSEA,KDFW
11213,KMIA,KDFW
11214,4GA9,KPDK
11215,KDAL,KDCA
11216,KAPF,FL57
11217,KSDL,KLAS
11218,KPHX,KUTA
11219,VECC,VHHH
11220,EGKK,LEBL
11221,KSEA,KSFO
11222,ENVA,ENNM
11223,KJFK,KMCO
11224,KPTK,KSRQ
11225,LTAC,LTFJ
11226,KATL,KSAN
11227,SSJC,SBSP
11228,KBFI,KYKM
11229,KLAX,KPHL
11230,KBWI,KALB
11231,KLGA,KMIA
11232,KLAS,KSTL
11233,KRSW,KPHL
11234,EGSS,EGAA
11235,KRVS,KADS
11236,OMAA,VOMM
11237,KSMF,KSEA
11238,EDDF,LLBG
11239,KMHR,CA21
11240,EFHK,EDDF
11241,KDEN,KSNA
11242,RPLL,VHHH
11243,FAOR,FACT
11244,KCLT,KMSP
11245,KBOS,KATL
11246,KIAD,KMMU
11247,KDTW,KMSP
11248,KMYF,KSNA
11249,SBGL,SBBR
11250,KATL,KBOS
11251,EGKK,EGKR
11252,ENGM,EHAM
11253,KLAX,KSFO
11254,KCLT,KRDU
11255,LEIB,LEPA
11256,KSLC,KORD
11257,KAPA,KSDL
11258,SBGR,SBCO
11259,KSEA,KORD
11260,KCLT,KTYS
11261,KSTL,KATL
11262,KLAS,KMSP
11263,KIAD,KPHX
11264,KORF,KORD
11265,K1B9,KPYM
11266,RCTP,ZUCK
11267,KJNX,KRDU
11268,KBWI,KISP
11269,CYVR,KSDF
11270,KDEN,KIAD
11271,KSEA,KATL
11272,KSMF,KLGB
11273,KPHX,KCOS
11274,KMSP,KGRB
11275,ENVA,EHAM
11276,KI74,KI12
11277,KSRQ,KATL
11278,KIAH,KLAS
11279,KLAX,KPDX
11280,KPSP,KSDL
11281,KCMH,KPHX
11282,KLNS,KMMU
11283,KDVT,23AZ
11284,LFLC,LPPR
11285,KRDU,KDEN
11286,VABB,VOBL
11287,KNSE,K12J
11288,KPTK,MI99
11289,KFLL,KHPN
11290,LSZH,EDDM
11291,KCLT,KJFK
11292,CYYZ,KRSW
11293,VOBL,VECC
11294,LFML,LEBL
11295,KJFK,KSEA
11296,KIAD,KMDT
11297,KRSW,KATL
11298,KMDW,KSFO
11299,CZBB,CYYJ
11300,KIAH,KSAT
11301,KIAD,KDEN
11302,FAOR,FACT
11303,KMIA,KATL
11304,KIAD,KATL
11305,KCPS,7IS2
11306,LEAL,LEPA
11307,KMDW,KMSN
11308,KCLT,KSDF
11309,KA39,KSDL
11310,KIAD,KPHL
11311,SPJC,KATL
11312,KSMF,KSNA
11313,EHEH,EPGD
11314,KATL,KORF
11315,KLAS,KSLC
11316,EDDM,LSGG
11317,KSEA,KRDU
11318,VIDP,OMAA
11319,KM33,KBNA
11320,KPDK,85GA
11321,KTPA,KATL
11322,KLAX,KPHX
11323,KIAD,KORD
11324,KCLT,KRSW
11325,KSFO,KSEA
11326,LSZH,LSGG
11327,ENBR,ENGM
11328,KPHX,KSAN
11329,KDPA,59IL
11330,KIAH,KLAX
11331,KLGA,CYYZ
11332,KSEA,KMCI
11333,KMDW,KCMH
11334,EDDH,EDDK
11335,CYVR,CYYJ
11336,KCLT,KBNA
11337,KBOS,KLAX
11338,OMDW,VHHH
11339,NC31,5NC3
11340,KFLL,KORD
11341,KBWI,KDFW
11342,KTTA,5NC3
11343,KATL,KLAS
11344,KBFI,KSDF
11345,ENBO,ENVA
11346,VOBL,VECC
11347,KRSW,KMKE
11348,KATL,SC32
11349,KANE,KFCM
11350,KPHX,KSFO
11351,KORD,KRSW
11352,KSEA,KBOS
11353,KSAN,KSJC
11354,KORL,KHOU
11355,KLAX,KDCA
11356,KMDW,KPHL
11357,KPHX,KOAK
11358,KCLT,KHHR
11359,KFLL,KATL
11360,KHOU,KDAL
11361,KIND,KATL
11362,EDDK,LIPE
11363,KATL,KDEN
11364,KCLT,KBUF
11365,KSEA,KATL
11366,KDFW,CYYZ
11367,KGAI,KDMW
11368,KPHX,KSLC
11369,KVNY,KSBA
11370,SBGR,SBGL
11371,KDEN,KSFO
11372,KSJC,KSNA
11373,KIAD,KLGA
11374,KDEN,KTUL
11375,KSEA,KRIR
11376,KSNA,KOAK
11377,KANE,KFCM
11378,YPPH,YMML
11379,KAPC,KAPA
11380,KTPA,KPHL
11381,KMDW,KAPF
11382,KSKA,KSEA
11383,VIDP,VOMM
11384,EGSS,ELLX
11385,KOAK,KLAS
11386,KIAD,KDTW
11387,KATL,KPHX
11388,ESSA,EFHK
11389,KDFW,KORD
11390,KIAD,KTYS
11391,KCLT,KDTW
11392,KRDU,KDFW
11393,KFLL,KSTL
11394,EHAM,KJFK
11395,KMSN,KGRB
11396,4NC7,KRDU
11397,KLZU,4GA9
11398,KDEN,KATL
11399,KORL,KDFW
11400,KSJC,KSAN
11401,KBOS,KORD
11402,KSDF,KISM
11403,KLAX,CYYZ
11404,KATL,KMIA
11405,KBOS,KCLT
11406,KLGA,KSRQ
11407,OMDW,UUWW
11408,KDFW,KORD
11409,KPDX,KSEA
11410,KPHX,KSTS
11411,KATL,KDEN
11412,KDEN,KBUR
11413,KSEA,KSMF
11414,KCLT,KHPN
11415,KLCK,KORD
11416,KTTD,K4S9
11417,KMDW,KBWI
11418,KHEF,53VA
11419,KDCA,KLGA
11420,KDEN,KISM
11421,KBOI,KPDX
11422,KATL,KABE
11423,KLEB,KBOS
11424,KMSP,KSRQ
11425,KEWR,CYYZ
11426,VIDP,VOBL
11427,KHOU,KMDW
11428,KROC,KDTW
11429,KBED,KHPN
11430,KSJC,KSEA
11431,KORL,KLGA
11432,KLAX,KSAN
11433,KCLT,KPHX
11434,KPIT,KPHL
11435,KMSN,KJVL
11436,KSEA,KORS
11437,KVNC,KAPF
11438,KAUS,KAPA
11439,KLBE,PN66
11440,KATL,KSAT
11441,KPHX,KDFW
11442,KIAH,KPHX
11443,KBWI,KBUF
11444,KSTL,KDAL
11445,KDCA,KDTW
11446,KPHL,KORD
11447,YMML,YSSY
11448,KBDR,KFRG
11449,KDEN,KPHX
11450,VOBL,VIDP
11451,KSFO,KPHX
11452,LPPD,LPPT
11453,K3A1,KHSV
11454,KBWI,KOQU
11455,KRDU,KDTW
11456,KMYF,KAVX
11457,KSEA,KIAD
11458,LEMD,EHAM
11459,KJVL,KUGN
11460,KLAX,KLAS
11461,KFHR,KBFI
11462,KRSW,KMSP
11463,KPDX,KABQ
11464,KDFW,KBWI
11465,WSSS,RKSI
11466,KCLT,KORD
11467,KPSP,KOAK
11468,KDEN,KRSW
11469,KPDK,KJZP
11470,KSEA,KBLI
11471,CYYJ,CYVR
11472,EDDF,LSGG
11473,KMIA,KLGA
11474,LPPT,LEMD
11475,PAEN,PANC
11476,KONT,KDFW
11477,KDEN,KLAS
11478,KSNA,KVNY
11479,ENGM,ENHD
11480,KSFO,KSAN
11481,SBGR,SBGL
11482,KSFO,CYVR
11483,ESSA,EHAM
11484,KORD,KATL
11485,KLAX,KMSP
11486,KIWA,KP08
11487,SPST,SPJC
11488,LIRF,LIBR
11489,88PA,KDFW
11490,KPHX,KLAX
11491,FA54,KDAL
11492,KLGB,KLAS
11493,KSEA,KBWI
11494,KBOI,KSEA
11495,ENZV,ENGM
11496,KOPF,KMIA
11497,EDDF,LOWG
11498,KCRQ,37CA
11499,KPWK,KAPF
11500,KORD,KPHX
11501,KDTW,KBWI
11502,LFPO,LEBL
11503,KBNA,KDFW
11504,KTPA,KDCA
11505,OMDB,VOMM
11506,KONT,46CN
11507,KCLT,KDFW
11508,KSAN,KHHR
11509,KLAX,KSFO
11510,KMIA,KJFK
11511,KDEN,KSAN
11512,KSFO,KPSP
11513,LEPA,LEBL
11514,KCLT,17NC
11515,KDEN,KORD
11516,KPHL,KORD
11517,KFLL,KJFK
11518,KMSP,KDTW
11519,KSJC,KIWA
11520,KBNA,KORD
11521,KSMF,KPDX
11522,KJFK,KBOS
11523,ENZV,EGPD
11524,KIAD,KORF
11525,KORD,KDFW
11526,KLAX,KSMF
11527,KROC,KPHL
11528,LPPR,LEMD
11529,KLQK,SC86
11530,KPDX,KSEA
11531,PANC,KSEA
11532,KSEA,KDCA
11533,KSGF,KDFW
11534,KATL,KLAX
11535,KDFW,KSTL
11536,KFLL,KDFW
11537,KORD,KMSP
11538,KBNA,KBWI
11539,LIMC,LEBL
11540,KMSP,KSFO
11541,KSFO,KLAX
11542,KRSW,KORD
11543,LSGG,LSZH
11544,EDDL,EDDM
11545,KPDX,KBOI
11546,KSEA,KLAX
11547,KLAX,KSLC
11548,CYVR,CYUL
11549,VOBL,VECC
11550,KCLT,KMCO
11551,KTUL,KORD
11552,KCLT,KSAN
11553,KBOS,MA55
11554,KMIA,KBWI
11555,LFQQ,LFBO
11556,KENW,KPUB
11557,KC35,KMSN
11558,KFLL,KDCA
11559,KDFW,KPHL
11560,KPHX,KMRY
11561,KMDW,KLAS
11562,KSTL,KDTW
11563,KBWI,KMIA
11564,KDFW,KPHX
11565,KSFO,KLAX
11566,KSEA,KBUR
11567,KATL,KEWR
11568,KLGA,KDEN
11569,KFAT,KSAN
11570,KEWR,KORD
11571,KBNA,KBOS
11572,KCJR,KEZF
11573,KBUR,KOAK
11574,KPDX,KSJC
11575,KDEN,KSLC
11576,KPHX,KSMF
11577,KCLT,KPHL
11578,KLAX,KMIA
11579,KBFI,KBLI
11580,KA39,KCHD
11581,EGPH,EGAA
11582,EGLL,KJFK
11583,KONT,MMTJ
11584,KTOL,KORD
11585,KMSP,KORD
11586,KSNA,KDFW
11587,KMIA,KDFW
11588,KTPA,KMIA
11589,KORD,KDTW
11590,KMDW,KPHX
11591,KSTL,KMSP
11592,KSAN,KDFW
11593,EIDW,EDDF
11594,KLAS,KDFW
11595,KRSW,KLGA
11596,KDEN,KRIR
11597,KATL,KABQ
11598,KBUR,KLAS
11599,KLVK,K1Q4
11600,KGSO,KDCA
11601,OTHH,VOBL
11602,KCLT,KECP
11603,ESMT,ESSB
11604,KSEE,CA42
11605,LEPA,LEMD
11606,EVRA,EKCH
11607,ENGM,ENHD
11608,88PA,KORD
11609,EPWA,EGGW
11610,KPHL,KFLL
11611,KMSP,KSNA
11612,KLAX,KOAK
11613,OMDB,UUEE
11614,KTKI,KGKY
11615,LFPO,EIDW
11616,KDEN,KSAN
11617,KORD,CYYZ
11618,KRDU,KBOS
11619,UUWW,UWLL
11620,KBUF,KPHL
11621,KJVY,KLOU
11622,KSLC,KSBD
11623,KMCI,KPGD
11624,KPHL,KATL
11625,KATL,KRDU
11626,KLAS,KPHX
11627,KONT,KSBP
11628,KSFO,KORD
11629,KSEA,KEWR
11630,KORL,KMDW
11631,KMSP,KMCO
11632,KOPF,KTEB
11633,KDEN,KBOI
11634,KPHX,KLAS
11635,KSLC,KBOI
11636,KHUA,KFYM
11637,LEPP,LEMD
11638,KLAX,KPDX
11639,CYVR,CYYZ
11640,EDDK,EPKT
11641,KJFK,KFLL
11642,LDZA,EHAM
11643,KATL,NC16
11644,KLAS,KSNA
11645,KPHX,KRIR
11646,KPHX,KHHR
11647,KSEA,KFLL
11648,CYYC,CYUL
11649,KSAN,KLAS
11650,KDVT,AZ00
11651,KIND,KMSP
11652,KRFD,KMHR
11653,KDAL,KABQ
11654,KOPF,KHWO
11655,KCRP,KDFW
11656,KATL,KSMF
11657,KSAT,KDFW
11658,KUGN,KMSN
11659,KCLT,KW91
11660,34MI,KORD
11661,KBOS,KRDU
11662,KEWR,KTYS
11663,KBWI,KORD
11664,KMSN,KUES
11665,KJFK,KLAX
11666,KSFO,KIAD
11667,KLGB,KOAK
11668,KORF,KPHL
11669,KMSP,KMSN
11670,LSZH,EDDF
11671,SBRJ,SBSP
11672,KSFO,KFLL
11673,KPHX,KLGB
11674,UUWW,UMMS
11675,ELLX,LOWW
11676,CYYC,CYHM
11677,LKPR,EPWA
11678,KLOU,KADS
11679,KLAS,KMDW
11680,EGKK,LEMG
11681,KCLT,KMCI
11682,KDFW,KSEA
11683,KSFO,KRIR
11684,KEWR,KATL
11685,ENBO,ENVA
11686,KMSP,KSAT
11687,KMMU,4NY1
11688,KCLT,KCMH
11689,VIDP,VOMM
11690,KFUL,KRAL
11691,KCLE,KORD
11692,OERK,OMDB
11693,KORD,KMSN
11694,KSFO,KORD
11695,NK43,KCLT
11696,KLAS,KCLT
11697,VABB,WSSS
11698,KMSP,KDCA
11699,EDDS,EDDH
11700,CYYC,CYYZ
11701,KSNA,KSFO
11702,KLAX,KDFW
11703,4NC7,KRDU
11704,KCLT,KSFO
11705,KMKE,KMSP
11706,8CA5,KHMT
11707,KISP,KPHL
11708,KSTL,KPHL
11709,KMDW,KATL
11710,ENVA,ENGM
11711,ENBR,ENGM
11712,KLAX,KSFO
11713,LDZA,EDDF
11714,KDFW,KRIR
11715,KPHX,KSJC
11716,KLAS,KSMF
11717,LIRF,LIML
11718,KIAD,KSYR
11719,KSFO,KSMF
11720,LFBO,LFPO
11721,LEZL,LPPT
11722,KVNY,K36U
11723,YBBN,YSSY
11724,KHWO,KFXE
11725,KAUS,KATL
11726,EDDP,EDDF
11727,KPHX,KBUR
11728,KDFW,KMCI
11729,KJFK,KMIA
11730,LOWW,EPWA
11731,KSRQ,KDCA
11732,KLAX,KJFK
11733,KBUR,KPHX
11734,KTUL,KDFW
11735,KDEN,KABQ
11736,KATL,KMDW
11737,CYVR,CYUL
11738,KTPA,KJFK
11739,KFAY,NC86
11740,ESSA,EGLL
11741,YMML,YSSY
11742,KCMH,KORD
11743,KRDU,KFLL
11744,KPHX,KTUS
11745,LLBG,EBLG
11746,CYKF,CNQ4
11747,RCTP,ZGSZ
11748,KDCA,KORD
11749,KBFI,KYKM
11750,KDFW,KISM
11751,KDFW,KSAT
11752,KBUR,KDFW
11753,KCLT,KTUL
11754,VHHH,RKSI
11755,SBSP,SBRJ
11756,KORD,KORF
11757,KRDU,KBOS
11758,ENBR,ENGM
11759,EDDP,UUDD
11760,KJFK,KBUF
11761,KMSP,KLAX
11762,LEIB,LEMD
11763,KMIA,SKBO
11764,CYYC,CYYZ
11765,KCLE,KATL
11766,KORF,KATL
11767,KSTL,KORD
11768,KLGA,KATL
11769,KCLW,KPIE
11770,KEMT,KCMA
11771,KSDF,KPHL
11772,KDTW,KORD
11773,KVNY,KSBA
11774,KCMH,KDFW
11775,EGBB,EDDM
11776,KSFO,KLAS
11777,CYVR,CYYJ
11778,KBNA,KPHL
11779,KLAX,KDTW
11780,KMSP,KBNA
11781,KCLT,KEWR
11782,WSSS,RJAA
11783,KRDU,KORD
11784,YMML,YPAD
11785,KLAX,KLAS
11786,KSFO,KS03
11787,KPHX,KFAT
11788,RCTP,VHHH
11789,KDFW,NC03
11790,CYYZ,CYYC
11791,KLAS,KSLC
11792,CYYZ,KPHL
11793,KBUR,KOAK
11794,KDFW,KSFO
11795,KRSW,KBOS
11796,KIAD,KCLT
11797,PANC,6AK3
11798,KPDK,KVPC
11799,KLGA,KMIA
11800,KORL,KBOS
11801,VIDP,VOBL
11802,LIRF,LICJ
11803,KFAT,KSFO
11804,KCVG,KDTW
11805,KPHX,KBOI
11806,49OH,KEWR
11807,ENBR,ENZV
11808,KSDL,KIWA
11809,CYXE,KPSP
11810,KFLL,KLGA
11811,KDFW,KM99
11812,KLAS,KBUR
11813,KXLL,7PN0
11814,VHHH,RKSI
11815,KMSP,KBOI
11816,KLGB,KTOA
11817,KPHX,KSBP
11818,KLAX,KAFW
11819,KSDL,KSJC
11820,KCLT,KMSN
11821,KMSP,KSTL
11822,KDTW,1MI8
11823,RKSI,VHHH
11824,KCMH,KMSP
11825,EGPD,EGLL
11826,KLGA,KCLT
11827,EKYT,EKCH
11828,CYYZ,CYVR
11829,VOMM,VABB
11830,KDFW,KDEN
11831,KDEN,KMSP
11832,KATL,KMCI
11833,KMSP,KATW
11834,KDFW,KORF
11835,KSEA,KIAD
11836,KEWR,KMIA
11837,KBOI,KSEA
11838,LEMD,LPPT
11839,KMIA,KSRQ
11840,KOXR,KVNY
11841,KSFO,KEWR
11842,KLAS,KOAK
11843,KMSP,KOMA
11844,KDEN,KLAX
11845,KDTW,KEWR
11846,KORL,KBOS
11847,KLAX,KHOU
11848,KIAD,KORF
11849,PN14,KBTP
11850,KORD,KCMH
11851,KBWI,KFLL
11852,KRSW,KBOS
11853,KSFO,KBFI
11854,KI73,12II
11855,KATL,KLAS
11856,KCMH,KPHL
11857,KPHX,KSNA
11858,K61B,K1G4
11859,KDFW,TX03
11860,VAJJ,OMDB
11861,LFRS,LFML
11862,KOPF,KTEB
11863,LEAL,EGGW
11864,KDEN,KTUS
11865,EDDM,EDDF
11866,KATL,KTYS
11867,KSEA,KOMA
11868,KDFW,KATL
11869,KMSP,KPSP
11870,KPSP,KSLC
11871,KMSN,KUNU
11872,VABB,VIDP
11873,KCLT,NC03
11874,KORD,KEWR
11875,KPHX,KPDX
11876,KPHX,KPSP
11877,KHOU,KBNA
11878,YMML,YPPH
11879,KFAT,KSJC
11880,K61B,K1G4
11881,KATW,KORD
11882,KPDX,KSMF
11883,KLAX,KSNA
11884,KGYY,KDPA
11885,KSLC,KSAN
11886,KBWI,KBNA
11887,KLAS,KBUR
11888,KPHX,KBUR
11889,SBSP,SBGL
11890,KORD,KSTL
11891,KDFW,KFLL
11892,KLAX,KSMF
11893,KAND,KLQK
11894,KMCI,KPHL
11895,KMSP,KPHX
11896,KJFK,KCLT
11897,KPHX,KRIR
11898,KMIA,KTEB
11899,KDEN,KPDX
11900,KORD,KPIT
11901,EDDB,EDDK
11902,KCLE,KPHL
11903,LOWW,EDDF
11904,KATL,KHOU
11905,KMSP,KSAN
11906,KADS,KECP
11907,KBNA,KEWR
11908,KDFW,KVPS
11909,LFQQ,LFML
11910,KSMF,KPHX
11911,KMSP,KPHL
11912,KATL,KPHL
11913,KDAL,KLAS
11914,OTHH,VOBL
11915,LFBD,EHAM
11916,KSYR,KORD
11917,EDDM,EDDW
11918,KA39,KCHD
11919,KMSP,KORD
11920,KSTS,KSEA
11921,CYOW,CYUL
11922,KBOS,KPYM
11923,KFWA,KDTW
11924,KHOU,KDFW
11925,KTEB,KBOS
11926,KDAY,KPHL
11927,LFPG,LFML
11928,KDEN,KORD
11929,KATL,KLAX
11930,KLGA,KORD
11931,KABE,KCLT
11932,KBWI,KRSW
11933,KORD,KPHL
11934,ENZV,ENGM
11935,KPAE,KSNA
11936,KDFW,KHOU
11937,WSSS,VIDP
11938,KSRQ,KEWR
11939,CYYZ,KORD
11940,KFLL,KJFK
11941,KSDF,KRSW
11942,KMSP,KPHX
11943,KCMH,KDTW
11944,KIND,KDTW
11945,KSMF,K1O2
11946,KPDX,KSEA
11947,KLAX,KSLC
11948,KSFO,KDFW
11949,KDFW,KLGA
11950,EGPF,EIDW
11951,KDEN,KLAS
11952,KPHX,KSFO
11953,KIAD,KSLC
11954,EPWA,EPSC
11955,KPHX,KRDU
11956,KDCA,KATL
11957,KLGA,KATL
11958,LEMG,LEPA
11959,KOAK,KBUR
11960,EIDW,LEBL
11961,KCLT,KATL
11962,KVNY,KBUR
11963,KORD,KDAY
11964,5MI8,KDTW
11965,KBNA,KMKE
11966,KDFW,KHSV
11967,37MI,KPTK
11968,KORL,KMSP
11969,KMSP,KLAS
11970,KSDF,KATL
11971,CYVR,CYQQ
11972,EPGD,EHAM
11973,SBMT,SDNI
11974,KSMF,KDAL
11975,ENGM,LFPG
11976,KSTL,KDEN
11977,FACT,FABA
11978,KMIA,FD37
11979,KLAX,KPHX
11980,KOAK,KBNA
11981,KSFO,KIAD
11982,EPRZ,EPWA
11983,LROP,EPWA
11984,KCLT,KBOS
11985,CYYC,CYKF
11986,KEWR,KSRQ
11987,KCLT,KSEA
11988,NZAA,NZWN
11989,CYVR,CYYJ
11990,KDAY,KDTW
11991,KA39,KFFZ
11992,KMDW,KSAN
11993,KORD,KROC
11994,UUWW,OMDW
11995,EDDF,LFPG
11996,KDFW,KATL
11997,KOAK,KLGB
11998,KRDU,KFLL
11999,KMSP,KDFW
12000,ULLI,UUMO
12001,KORD,KMKE
12002,KTEB,KBED
12003,WT24,KLAS
12004,KDEN,KPHL
12005,KCWA,KORD
12006,KLUK,KIAD
12007,VIDP,VOBL
12008,KLAX,KEWR
12009,KSAN,KSJC
12010,EDDH,EDDF
12011,EGSS,LIMC
12012,KTPA,KBOS
12013,KDAL,KLGA
12014,KLGB,KSMO
12015,KSMF,CL36
12016,KSEA,KPDX
12017,59IL,KDPA
12018,KGRR,KDTW
12019,KORD,KPHX
12020,KBOS,KBUF
12021,KFLL,KTEB
12022,PANC,KATL
12023,KSFO,KSLC
12024,LEMG,LEPA
12025,CYOW,CYYZ
12026,KDEN,KMSP
12027,KPHX,KLAS
12028,KPDX,KSDF
12029,LFPG,EDDF
12030,KMYF,KSMO
12031,KBNA,KBOS
12032,LOWW,EHAM
12033,KCLT,KDCA
12034,KMQY,AL18
12035,KPHX,KSAN
12036,KORD,KISM
12037,KMQS,KABE
12038,KMSP,KLGA
12039,KORD,KMSP
12040,KSAN,KIAD
12041,KAPA,KSAT
12042,KDEN,AL40
12043,KJFK,KMVY
12044,KCLT,NC71
12045,17PS,77PA
12046,NZCH,NZAA
12047,KCGZ,KDVT
12048,EPPO,EPWA
12049,KMSP,KMCI
12050,KBWI,KORF
12051,KFLL,KMDW
12052,KFXE,KOPF
12053,KLGA,KORD
12054,CYVR,CYYZ
12055,KDAL,AL40
12056,KATL,KSEA
12057,KNZY,KNUC
12058,KP08,KIWA
12059,KORD,KSLC
12060,LPPR,LFPO
12061,KSEA,KOAK
12062,KPHX,KSLC
12063,48MD,KCLT
12064,KBUF,KGVQ
12065,ESSA,ESMS
12066,KRDU,KPHL
12067,KDTW,KFLL
12068,KORD,KBOS
12069,KPIE,KAPF
12070,K1L3,KVGT
12071,KLAX,KIAD
12072,KATL,KRSW
12073,KLAX,KSJC
12074,KPDX,KLAS
12075,EPKK,EPGD
12076,KMSP,KSEA
12077,KOAK,KRIR
12078,KMIA,KRDU
12079,KDFW,KBNA
12080,KSLC,KSDL
12081,KONT,KATL
12082,EDDF,LLBG
12083,LIRA,LHBP
12084,KMSP,KRSW
12085,EPGD,EPWA
12086,KPHX,KSEA
12087,4SC4,SC32
12088,KLAS,KDFW
12089,UUWW,ULLI
12090,KECP,KATL
12091,82PA,KFLL
12092,KMDT,KPHL
12093,LLBG,EBLG
12094,KSEA,KDTW
12095,KDFW,KECP
12096,KEWR,KFLL
12097,KSDL,KTEB
12098,KHOU,KMIA
12099,VECC,VIDP
12100,KORF,KPHL
12101,KPDX,KSFO
12102,KDEN,KLGA
12103,EGSS,LICJ
12104,EGLL,EHAM
12105,LFBO,LFPG
12106,KMKE,KPHL
12107,CYUL,KPHL
12108,KFAT,KPDX
12109,ESSA,EDDM
12110,LIML,EBBR
12111,KBUF,KDTW
12112,KSFO,KSAN
12113,KPAO,KSTS
12114,KDFW,KDTW
12115,KFLL,KORD
12116,KTPA,KPHL
12117,SBSP,SBRJ
12118,KMDW,KBKL
12119,KPHX,KPDX
12120,KLAS,KDAL
12121,KMIA,SKBO
12122,LEMD,EGLL
12123,KCLT,KSTL
12124,KDEN,KLAX
12125,KGRB,5WI4
12126,ENGM,EFHK
12127,WSSS,RPLL
12128,KATL,KEWR
12129,KDFW,KTUS
12130,LFBO,LFPO
12131,ULMM,UUDD
12132,ENGM,ENVA
12133,KMSP,KMDW
12134,KPHX,KMDW
12135,ENZV,ENGM
12136,KTUL,KDAL
12137,KRSW,KJFK
12138,KSEA,KPDX
12139,KBNA,KATL
12140,KPHX,KDAL
12141,KDCA,KMIA
12142,EPWA,ESGG
12143,KFLL,KORD
12144,NZNV,NZCH
12145,PANC,98AK
12146,KFAY,KATL
12147,KSFO,KLAX
12148,KORF,KEWR
12149,KSLC,KSDL
12150,KCLT,KORD
12151,EDDM,LIRF
12152,KDEN,KEWR
12153,KSEA,KBOI
12154,KBNA,KBKL
12155,KLAS,KSLC
12156,CYYC,CYQQ
12157,KPHX,KCMH
12158,KDEN,KDFW
12159,KROC,KDTW
12160,WMKK,WMKJ
12161,KIAD,KPWK
12162,KDTW,KJFK
12163,EGKK,ENGM
12164,KHOU,KOAK
12165,KORD,KLAX
12166,CYYZ,KDTW
12167,KPIT,KFLL
12168,KPHX,9CA0
12169,KNSE,FD82
12170,VABB,VOMM
12171,KDFW,KCOS
12172,EDDM,EDDK
12173,KDCA,KJFK
12174,KSMF,KSAN
12175,ULLI,UUWW
12176,KDEN,KBWI
12177,SC86,SC32
12178,KLUK,KI69
12179,48CN,KTVL
12180,KGRB,KDTW
12181,WSSS,RCTP
12182,KPAO,KC83
12183,EHAM,EDDF
12184,KPDX,64OR
12185,KCLT,KFLL
12186,KBNA,KMDW
12187,KDTW,KMIA
12188,KLAX,KMIA
12189,KMDW,KSDL
12190,KDFW,KSNA
12191,KOAK,KPSP
12192,KSYR,KPHL
12193,KSEA,KSAN
12194,KATL,KBWI
12195,ESKN,EPGD
12196,KBNA,KPHL
12197,KJZP,KPDK
12198,KPHX,KABQ
12199,K29M,KORD
12200,CYYC,CYCD
12201,CYVR,CYCD
12202,KMKE,KPHX
12203,KTYQ,KPWK
12204,KOXR,KSBP
12205,KDEN,KIAD
12206,KATL,KHOU
12207,LSGL,LSGP
12208,KBOS,KDFW
12209,KORD,KDFW
12210,KDFW,KLAS
12211,KDFW,KRSW
12212,KMKE,KRSW
12213,KORL,KLAS
12214,KORD,KDCA
12215,KARB,KYIP
12216,KFRG,5CT7
12217,KPHX,KPSP
12218,KPDX,KSEA
12219,LIML,LICJ
12220,LSZV,LSMD
12221,8CA5,KHMT
12222,KDAL,KPIE
12223,KDEN,KRDU
12224,KSEA,KGEG
12225,UKBB,UMMS
12226,KPDK,KDAL
12227,KSNA,KLAS
12228,KMKE,KDTW
12229,KTPA,KMSP
12230,KCLT,KORF
12231,KOAK,KSNA
12232,KTKI,KADS
12233,KDFW,KLAX
12234,KPHX,KMKE
12235,KJFK,KHHR
12236,KNSE,KGZH
12237,KDFW,KBKL
12238,EGSS,LEMG
12239,KFAT,KSAC
12240,KSFO,KBUR
12241,KATW,KDTW
12242,KMYF,04CL
12243,KOMA,KORD
12244,85GA,KPDK
12245,KDEN,KDCA
12246,KMSP,KDEN
12247,KPHX,KSBA
12248,KDPA,KJVL
12249,KFLL,KHOU
12250,KBNA,KISM
12251,EDDM,UUWW
12252,VOBL,VECC
12253,ESSA,ESGG
12254,KLAX,KPHL
12255,KPHL,KCLT
12256,ELLX,EDDM
12257,KCLT,KRSW
12258,KDFW,KUTA
12259,KSAN,KSMF
12260,KOPF,FA37
12261,KORD,KRDU
12262,KMSP,KMKE
12263,KORD,KBWI
12264,UUWW,UUYY
12265,KONT,KSDF
12266,KATL,KLGA
12267,EKYT,EKCH
12268,EGPH,EGAC
12269,KBLM,KPGD
12270,EKCH,EDDF
12271,5OR5,KBDN
12272,ENZV,ENGM
12273,KSEA,KLAS
12274,LEMD,EGSS
12275,KBDR,KBED
12276,KMSN,KORD
12277,KSTL,KMDW
12278,KORD,KHHR
12279,YMML,YSSY
12280,KADS,KLXY
12281,CYUL,CYYZ
12282,KLAS,KIAD
12283,KPRB,KSBP
12284,VABB,VECC
12285,KHRJ,KRDU
12286,KTTN,KRSW
12287,LFPO,LFML
12288,KORD,KJFK
12289,KMSP,KORD
12290,KRHV,KE16
12291,CYYJ,CYVR
12292,EDDH,EDDM
12293,BIKF,EIDW
12294,KBOS,KATL
12295,KEWR,KBNA
12296,KLAX,KHOU
12297,KATL,KMKE
12298,KTEB,KMIA
12299,KDFW,KOMA
12300,KDAL,KOAK
12301,KCLT,KBOS
12302,KOAK,KBOI
12303,KGRR,KPHL
12304,KDTW,KORD
12305,KDFW,KMSN
12306,EDDK,EDDM
12307,EKCH,EKRN
12308,KBED,KPYM
12309,KF70,KCRQ
12310,KDFW,KGOP
12311,KPDX,KSNA
12312,KNZY,KNUC
12313,EGGD,EHAM
12314,VABB,VECC
12315,KBOS,KPHL
12316,KDEN,KDTW
12317,KORD,KLGA
12318,CYYC,CYVR
12319,LL10,K3CK
12320,KLAX,KATL
12321,KDFW,KRDU
12322,KMIA,KJFK
12323,KTPA,KLGA
12324,EPKT,EPWA
12325,KDEN,KHHR
12326,KSBA,KLAX
12327,KORF,KMIA
12328,EGLL,EBBR
12329,KORD,KPHL
12330,KIND,KORD
12331,KLAS,KSNA
12332,KCRQ,37CA
12333,EGCC,EHAM
12334,KLAX,KJFK
12335,KPHX,KHOU
12336,KMCI,KDTW
12337,KDFW,KDCA
12338,KBWI,KBOS
12339,KBNA,KCLT
12340,LSGG,LFPG
12341,KPDX,KSDF
12342,KDEN,KSAT
12343,VECC,VIDP
12344,KPIE,KSDF
12345,KSEA,KMCO
12346,KLGA,01FA
12347,KDFW,KSLC
12348,KPHX,KLAS
12349,KHOU,KSAF
12350,KSFO,KEWR
12351,KMYF,KF70
12352,KPWK,KOPF
12353,KRDU,KEWR
12354,KLAX,KSEA
12355,KBJC,KAPA
12356,VOMM,OMDB
12357,YSSY,YPAD
12358,KDAB,KATL
12359,EGBB,LFPG
12360,KCLT,KMIA
12361,KDEN,KMCI
12362,ENVA,ENGM
12363,KDEC,KORD
12364,KFLL,KATL
12365,KOAK,KLVK
12366,KOAK,KMCC
12367,KSJC,KSLC
12368,KFCM,88MN
12369,KDFW,KABQ
12370,KONT,KMDW
12371,KPWK,KAPF
12372,KSAN,KORD
12373,KDEN,KRSW
12374,KBUR,KSNA
12375,LFPG,EHAM
12376,EGAA,EGNT
12377,CYYC,CYVR
12378,LFPO,LPPR
12379,ULLI,EDDF
12380,KDTW,KMSN
12381,KOSU,KUYF
12382,KPSP,KBUR
12383,KOPF,FA37
12384,CYKF,CNS6
12385,KATL,SC32
12386,KORD,KPHX
12387,KVNY,KSNA
12388,KMCI,KATL
12389,LFBD,LFQQ
12390,KLAX,KBNA
12391,KFLL,KHWO
12392,KSTL,KMKE
12393,KDFW,KSRQ
12394,KECP,KHOU
12395,KCGZ,KFFZ
12396,KDTW,KLAX
12397,K1G4,KLAS
12398,KDEN,KATL
12399,EKCH,EHAM
12400,KTOA,KCNO
12401,KVDF,KFMY
12402,KPDX,KRIR
12403,KORD,KIAD
12404,ENGM,ENVA
12405,KDFW,KTUL
12406,CYYJ,CYVR
12407,KSEA,KSJC
12408,YMML,YBBN
12409,KTPA,KBWI
12410,EDDM,EDDF
12411,KATL,KMSP
12412,KSTL,KPHL
12413,KAUS,KDAL
12414,K1G4,KLAS
12415,KBNA,4FL3
12416,KORL,KJFK
12417,ULLI,UUEE
12418,VOMM,VOBL
12419,LTAC,EDDK
12420,KSAN,KSTL
12421,KDAL,KRIR
12422,NZAA,NZOI
12423,KFFZ,KPAN
12424,KEWR,KSDF
12425,5MO3,MO64
12426,KDEN,KMSN
12427,CYHU,CZBM
12428,KBOS,KDCA
12429,KMDW,KISM
12430,KADS,KABQ
12431,KSLC,KBOS
12432,KPIT,KDUJ
12433,LEPA,LEMH
12434,3IN6,KLOU
12435,KORD,KBUF
12436,SBBR,SBGR
12437,KDEN,KSNA
12438,KPDK,KGVL
12439,KSEA,KTUS
12440,9NC9,KATL
12441,KSBA,KCMA
12442,KI74,KMRT
12443,KBNA,KMSP
12444,KLAS,KMDW
12445,KPHX,KRHV
12446,KPDX,K4S2
12447,EGLL,EIDW
12448,CYYC,KPHX
12449,NZHN,NZCH
12450,VOBL,VOMM
12451,KATL,KBWI
12452,KDEN,KMDW
12453,KOAK,KBUR
12454,NZCH,NZWN
12455,KSFO,KFLL
12456,KHPN,KDPA
12457,KFHR,KBFI
12458,ESSA,ESNP
12459,NZPM,NZCH
12460,EHAM,EIDW
12461,KORL,KBOS
12462,KSEA,KSAT
12463,KSRQ,KPIE
12464,KFAT,KLAX
12465,LPPR,LSZH
12466,KATL,KDFW
12467,KTPA,KJFK
12468,EKCH,LIME
12469,ENBR,ENGM
12470,WSSS,RKSI
12471,KORD,KMIA
12472,UUEE,ULLI
12473,KDFW,KCMH
12474,KSRQ,KPHL
12475,KTEX,KSDL
12476,KPUJ,KRYY
12477,KDCA,KBOS
12478,EGCC,EDDM
12479,KSTL,KBNA
12480,LBWV,EGGW
12481,KORD,KTYS
12482,KSEA,KMSP
12483,CYYZ,KHHR
12484,SBRJ,SBBR
12485,KROC,KIAG
12486,KPDX,K5S9
12487,CYHM,CYYC
12488,KSLC,KOAK
12489,KATL,KISM
12490,KI69,21OI
12491,KORF,KCLT
12492,KONT,KOAK
12493,EKCH,ENGM
12494,KMIA,MGGT
12495,KD98,KPTK
12496,KLAX,KDFW
12497,KTEB,KRDU
12498,KOAK,KMCI
12499,KORD,KSRQ
12500,NZCH,NZAA
12501,KPHX,KLAX
12502,KTPA,KSTL
12503,KWDR,KPDK
12504,KSEA,KSMF
12505,KLAS,KBWI
12506,KRDU,KJFK
12507,LFML,LPPR
12508,KSAT,KDEN
12509,KLAX,KSEA
12510,KCNO,8CA5
12511,KDEN,KOAK
12512,LFPO,GMMN
12513,KCMH,KCLT
12514,EGSS,LIBD
12515,OBBI,OMDB
12516,PANC,6AK3
12517,LPPR,LPPT
12518,KPIT,KEWR
12519,KGYY,KDPA
12520,KORD,KFLL
12521,CYYC,KPSP
12522,KATL,KPHL
12523,KSBA,KVNY
12524,KMSP,KPHX
12525,KDFW,KSJC
12526,LFBD,LFPG
12527,KSRQ,KLGA
12528,KMIA,KLGA
12529,KATL,KVPS
12530,CYCD,CYVR
12531,SSJC,SBSP
12532,KDTW,KATL
12533,KDEN,KPHX
12534,KORD,KSFO
12535,VIDP,WMKK
12536,KORD,KDFW
12537,LTFJ,LTAC
12538,KATL,KHSV
12539,KPHX,KMSN
12540,NZCH,NZNV
12541,KCFE,KFCM
12542,KPHX,KPSP
12543,KDTW,KCMH
12544,KHPN,KMMU
12545,EKCH,EKBI
12546,KIND,KORD
12547,KDEN,KHOU
12548,KSEE,KCRQ
12549,KSEE,KCRQ
12550,LEMD,LFPG
12551,KCOS,TS53
12552,KNSE,K12J
12553,EDDB,EHAM
12554,CYYJ,CYYC
12555,KBNA,KORD
12556,KAPA,FL31
12557,ESSA,LEMG
12558,KTCY,KLVK
12559,UKBB,EPWA
12560,KMCI,KORD
12561,KATL,KORD
12562,KLGA,KSTL
12563,KMIA,KMCI
12564,LEPA,LEBL
12565,KDTW,KRDU
12566,KRAL,KFUL
12567,KBOI,KLAX
12568,CYYC,CYXE
12569,KBGM,KDTW
12570,TXKF,KMIA
12571,KOXR,CL36
12572,LHBP,EPWA
12573,KLAS,KSNA
12574,KRHV,KSNS
12575,EGPF,EGKR
12576,KLAX,KSMF
12577,KDFW,KUTA
12578,KABQ,K0E0
12579,KUNU,KMSN
12580,KORD,KSDF
12581,KDAL,KSAT
12582,KBNA,KSTL
12583,35OR,KBDN
12584,KDTW,KBNA
12585,KONT,KLAS
12586,KDEN,KSTL
12587,KHPN,KFRG
12588,LFPO,LFBO
12589,KOAK,KLVK
12590,ULMM,UUWW
12591,KSEA,KPHX
12592,KATL,KRSW
12593,EDDM,EKCH
12594,KVNY,KOAK
12595,KMSN,KUGN
12596,KHPN,KTEB
12597,KSDF,KORD
12598,KOAK,KLAS
12599,KSFO,KLAX
12600,KSDL,KSNA
12601,KSTL,KDEN
12602,KPHX,KDTW
12603,KSAT,TE62
12604,KD98,KPTK
12605,EHAM,LIMC
12606,KDFW,KMSP
12607,VOMM,WSSS
12608,KDEN,KMKE
12609,KLAS,KLAX
12610,EGLL,EDDF
12611,KTPA,KMKE
12612,SBRJ,SBGR
12613,KBOS,KFLL
12614,CYUL,KTEB
12615,EGCC,LPPR
12616,KMIA,KJFK
12617,KPHL,KDFW
12618,KORD,KDTW
12619,KATL,KDFW
12620,KPIT,KOYM
12621,KSKA,KSEA
12622,KORL,KDEN
12623,KCOS,KDEN
12624,KATL,KFLL
12625,KPDX,KPSP
12626,KSTL,KSMF
12627,KDTW,KRSW
12628,KPHX,KMSP
12629,KSEA,PANC
12630,KFRG,KTEB
12631,SSJC,SBGR
12632,ENGM,ESSA
12633,KDFW,KSAN
12634,KSMF,KSEA
12635,SBSP,SBRJ
12636,KPIT,KLNS
12637,NZAA,NZCH
12638,KMDT,KATL
12639,KOAK,KPHX
12640,KSAT,KPHX
12641,KTPA,KEWR
12642,KSEA,KGEG
12643,KLGA,KDFW
12644,VECC,VOBL
12645,KMIA,KMSP
12646,CYYJ,CYVR
12647,KJYO,61VA
12648,SPJC,SPST
12649,KRHV,KE16
12650,GMMN,LFPG
12651,KDEN,KBNA
12652,KLAS,KHOU
12653,YMML,YPPH
12654,VHHH,RJAA
12655,KSFO,KPHX
12656,KPHX,KMSP
12657,KDFW,MROC
12658,KBOS,KEWR
12659,KDFW,KPHX
12660,KMCI,KMSP
12661,ENGM,LFPG
12662,LIRF,LFPG
12663,KSQL,KTRK
12664,KFLL,CYUL
12665,KSEA,KBNA
12666,KLAS,KLAX
12667,SBGR,SSJC
12668,KCNO,KAJO
12669,KDTW,OA16
12670,KHEF,VA71
12671,KSTS,KO69
12672,CYYZ,KTEB
12673,KSDF,KDFW
12674,KORD,KATL
12675,KMSP,KLNK
12676,KDEN,KFLL
12677,KSRQ,KVNC
12678,KMIA,KEWR
12679,KLAS,KSLC
12680,KATL,KDCA
12681,KATL,KSTL
12682,KVNY,KL35
12683,EGSS,LPPT
12684,ENBO,ENGM
12685,KBNA,KDFW
12686,LTFJ,OTHH
12687,KORD,KRSW
12688,VOMM,WSSS
12689,KDFW,KMKE
12690,KTPA,KDTW
12691,NZAA,NZPM
12692,KSEA,KEWR
12693,KGRR,KATL
12694,KVNC,KSRQ
12695,LEMG,EGLL
12696,KDEN,KSFO
12697,EHAM,EVRA
12698,KORD,KALB
12699,ULLI,UUWW
12700,KSFO,KSNA
12701,ESGG,EGLL
12702,KMGY,KSGH
12703,KOKK,KTYQ
12704,KATL,KMSP
12705,KLAX,KPHX
12706,KCLE,KORD
12707,KSTL,KOMA
12708,KYKM,KBFI
12709,PA31,KMDT
12710,KPDX,K4S2
12711,KFLL,KEWR
12712,4GA9,KGVL
12713,KLAS,KMSP
12714,TJSJ,KIAD
12715,KBOS,KFLL
12716,KDAL,KOMA
12717,KSAN,KPDX
12718,KPHX,KDFW
12719,KPHL,KMSP
12720,KSEA,35OR
12721,KATL,KJFK
12722,LKPR,EDDF
12723,KDEN,KBWI
12724,KATL,KBKL
12725,LEAL,EGSS
12726,ENHD,ENGM
12727,KLAS,KSFO
12728,KDFW,NC03
12729,KLAX,MGGT
12730,OMSJ,VOMM
12731,KOAK,KFAT
12732,KMDW,KBNA
12733,KGVQ,KBUF
12734,KBOI,KPHX
12735,LPPR,ELLX
12736,KORS,KBVS
12737,KFLL,CYYZ
12738,KSLC,KBOI
12739,KATL,KOMA
12740,EGCC,LFPG
12741,VOMM,VECC
12742,KATL,KSRQ
12743,KPHX,KIAD
12744,KSDF,KATL
12745,KCLT,KATL
12746,KPDX,KSFO
12747,KDTW,KISM
12748,5NC3,KHKY
12749,KDFW,KLAS
12750,OTHH,VABB
12751,VECC,VOBL
12752,KTPA,KMSP
12753,KATL,KBOS
12754,KSEA,KSFO
12755,KDAL,KUTA
12756,LMML,LIPE
12757,KISP,KBWI
12758,KSNA,KAJO
12759,KMIA,KORD
12760,SBVT,SBRJ
12761,KATL,KPHX
12762,KLAS,KSLC
12763,KGEU,18AZ
12764,KATL,KMIA
12765,KMSS,KBOS
12766,EPMO,LIME
12767,KPDX,6OR8
12768,LOWW,LSZH
12769,ENBR,EKCH
12770,PANC,KORD
12771,KPHX,KCMH
12772,LFPO,LEMD
12773,YMML,YMHB
12774,KBOS,KFLL
12775,KSEA,KPHX
12776,KLAX,KSFO
12777,ULLI,UUWW
12778,KFLL,KBNA
12779,CYYJ,CYYC
12780,EHAM,LSZH
12781,KMIA,KBOS
12782,KSAN,KHHR
12783,LFPG,GMMN
12784,KABE,KDTW
12785,KSEA,KFAT
12786,KPHX,KDFW
12787,ENHD,ENGM
12788,KRDU,KMSP
12789,YMML,YPPH
12790,KDTW,KPHL
12791,LTFJ,LTAC
12792,KDEN,KCMH
12793,KTEB,KFLL
12794,KLAX,KABQ
12795,VOBL,WSSS
12796,KTYS,KATL
12797,KORL,KDEN
12798,KMIA,MGGT
12799,KTOL,FD04
12800,LPPR,LSGG
12801,CYUL,CYYZ
12802,KLAS,KBOI
12803,ULLI,UUDD
12804,ESGG,LSZH
12805,KATL,KDEN
12806,KDMW,KGAI
12807,KFYM,KHUA
12808,LYBE,UUWW
12809,KPHX,KSTL
12810,KDTW,KBNA
12811,KGEG,KSEA
12812,6AK3,PANC
12813,ELLX,EDDB
12814,KBOS,KSLK
12815,KMCI,KBNA
12816,KDFW,KFLL
12817,KCNO,KUDD
12818,EBCI,LIME
12819,KPUB,KCOS
12820,KOMA,KATL
12821,KRSW,KMSP
12822,KCGZ,KFFZ
12823,KSDF,KPDX
12824,KOPF,KPDK
12825,KPWK,KAPA
12826,KMIA,KORF
12827,KSLC,KEWR
12828,KDTW,KDFW
12829,KSFO,KPHX
12830,KSRQ,KBNA
12831,EGNX,LEAL
12832,KDEN,KMIA
12833,KLAX,KDFW
12834,KLAS,KLAX
12835,KSGF,KDEN
12836,KJFK,SKBO
12837,EDDL,EDDM
12838,EGAA,EGPH
12839,KSMF,KSFO
12840,KLGA,KMSP
12841,KLAX,KLAS
12842,KFLL,KEWR
12843,KSAT,KIAD
12844,KDEN,KDTW
12845,5OR5,KBDN
12846,KAUS,KFLL
12847,KPWK,KAPF
12848,KLAX,KBOS
12849,EGLL,ESSA
12850,KSTL,KORD
12851,KCRQ,KRNM
12852,OMDB,VABB
12853,NZTG,NZWN
12854,KCLT,KRSW
12855,KLAX,KMRY
12856,82PA,KATL
12857,KPAE,KPHX
12858,KDTW,KSEA
12859,ENGM,EDDM
12860,KCTJ,KJZP
12861,KDAY,KORD
12862,KPAO,KSTS
12863,KPHX,KMSP
12864,LFPG,EHAM
12865,KLGB,KLAS
12866,KDAL,KATL
12867,KPHX,KLAS
12868,KRSW,KDEN
12869,KPDX,KRIR
12870,KIAD,KMSP
12871,KDEN,KBOS
12872,EKCH,EKYT
12873,KLAX,KPDX
12874,KOAK,KSAN
12875,KMIA,KHPN
12876,KLGA,KFLL
12877,KFLL,KBKL
12878,KCLT,KRDU
12879,KC83,KPAO
12880,KJVL,KDPA
12881,KMDT,KDTW
12882,KCLT,KSTL
12883,KPHX,KMIA
12884,KDAL,FD83
12885,LSGG,LSZH
12886,KVNY,KLAS
12887,EDDH,LSZH
12888,KBWI,KRDU
12889,ENGM,ENZV
12890,KSMO,KLGB
12891,KPHX,KLAX
12892,KATL,KCMH
12893,KDCA,KDEN
12894,KRSW,KBWI
12895,KLAS,KTEB
12896,KEOP,KDLZ
12897,0TA4,KADS
12898,CYCD,CYVR
12899,LSZM,EDDB
12900,KLAX,KSFO
12901,KSAN,KBWI
12902,KHAF,KSQL
12903,ULMM,ULLI
12904,KRDU,KHKY
12905,KBNA,KDTW
12906,KNSE,KNPA
12907,KDTW,KMIA
12908,KDEN,KTUL
12909,KLAS,KSAN
12910,KDFW,KDEN
12911,SBGL,SBGR
12912,EDDK,LIME
12913,KSAN,KSFO
12914,KPHX,KORD
12915,SBSP,SBBR
12916,KDCA,KFLL
12917,KCOS,TS53
12918,KEWR,KFLL
12919,RKSI,VHHH
12920,EHAM,LEBL
12921,KLAX,KSJC
12922,VABB,VOBL
12923,KBOS,KRSW
12924,KMDW,KDTW
12925,KSEA,KLAX
12926,KJFK,KROC
12927,EGAA,EGKK
12928,ENGM,ENVA
12929,KEWR,KATL
12930,KSMO,KVNY
12931,KCMH,KFLL
12932,KSAN,KRIR
12933,KSMF,KBUR
12934,KMIA,KLAX
12935,KTEB,KVNY
12936,KDEN,KORD
12937,KSEA,KSMF
12938,KCLE,KFLL
12939,KPHX,KISM
12940,KMSP,KSMF
12941,CYOW,CYYZ
12942,KFLL,KBWI
12943,KORL,KHPN
12944,LEPA,LEIB
12945,KPHX,KABQ
12946,KAND,KLQK
12947,KATL,KISM
12948,KRDU,KCLT
12949,KRSW,KDTW
12950,KSQL,KCRQ
12951,KPDX,KSEA
12952,KTEB,KSLK
12953,EGLL,LFPG
12954,KFLL,KJFK
12955,EGGW,EIDW
12956,KORD,KBNA
12957,KDEN,KTYS
12958,KPHX,KDFW
12959,KSMF,KLAX
12960,KFMY,KAPF
12961,KLNS,KFRG
12962,VOBL,VABB
12963,KBOS,KPHL
12964,KIAD,KATL
12965,EGPD,ENZV
12966,KSAN,KSEA
12967,KATL,KDAL
12968,K9A1,KLZU
12969,KLGB,KCNO
12970,KJFK,KATL
12971,ENGM,ESSA
12972,KORF,KBNA
12973,EDDK,EDDH
12974,KSEA,KBOI
12975,OMDB,OBBI
12976,KPHX,KDAL
12977,ENGM,ENZV
12978,KDEN,KFLL
12979,KHOU,KDAL
12980,KBWI,KATL
12981,KLGB,KSJC
12982,KCMH,KRSW
12983,9NC9,KCLT
12984,KSEA,KGEG
12985,KNUC,KNZY
12986,KORD,KLGA
12987,KBNA,KDEN
12988,UWKD,UUDD
12989,EIDW,EGNX
12990,KDAL,KHOU
12991,EKCH,ESSA
12992,KRSW,KEWR
12993,KPHL,KATL
12994,KMIA,KBWI
12995,EGLL,LSZH
12996,KSGF,KDFW
12997,KPDK,KPGD
12998,KSAN,KHOU
12999,KCLT,KSRQ
13000,KAUS,KDEN
13001,KDTW,KPHX
13002,KATL,KDTW
13003,KBWI,KDTW
13004,LPFR,EDDB
13005,KOAK,KSFO
13006,CYVR,CYYJ
13007,KORD,KATL
13008,KPHX,KMCI
13009,VECC,VIDP
13010,TJSJ,KJFK
13011,KOZW,K45G
13012,KAPA,KAPF
13013,KBNA,KFLL
13014,KSEA,KORD
13015,CYYZ,CYYC
13016,UUEE,UWLL
13017,KDAY,KATL
13018,KMDW,KDAL
13019,KDEN,KSJC
13020,KCVG,KORD
13021,KSDF,KDTW
13022,VOBL,OBBI
13023,NZAA,NZCH
13024,KCMH,KORD
13025,KBNA,KDTW
13026,KPHX,KATL
13027,KU42,KU77
13028,KIND,KATL
13029,CYVR,CYYC
13030,SBGR,SSJC
13031,KONT,KSBA
13032,KS50,KS36
13033,KOAK,KLAS
13034,KCLT,KMCO
13035,KDEN,KDAL
13036,KRSW,CYYZ
13037,KPHX,KTUS
13038,SBRJ,SSJC
13039,LIBD,LIML
13040,EPWA,EPGD
13041,KMIA,KPHX
13042,KDFW,KSBA
13043,KORL,KMSP
13044,KOWD,KBOS
13045,KDFW,KLGA
13046,VECC,VOBL
13047,KLAS,KCLT
13048,NZHN,NZWN
13049,KPHX,KSDF
13050,KYKM,KSDL
13051,NZAA,NZCH
13052,SBBR,SBGR
13053,KBOI,ID63
13054,LIRF,EDDF
13055,LOWW,EDDF
13056,KSDF,KBFI
13057,KIAD,KDTW
13058,SSJC,SBGR
13059,4GA9,KPDK
13060,KCLT,KORD
13061,KPDX,KDAL
13062,KFLL,KDTW
13063,KEWR,KRSW
13064,KFDK,KMRB
13065,KCMH,KDEN
13066,35OR,KLAS
13067,KAUN,KO70
13068,KMSN,KMSP
13069,KAJO,KRAL
13070,LSGG,LFPO
13071,CYYC,CYYJ
13072,YSSY,YBCG
13073,EGKK,LEMD
13074,KBOS,KRSW
13075,LFBD,LEBL
13076,KCLT,KDFW
13077,SPJC,SKBO
13078,KADS,KFTW
13079,KLAX,KBOI
13080,KUYF,KOSU
13081,NZAA,NZGB
13082,SC86,SC32
13083,KTKI,KRVS
13084,KLEB,KBOS
13085,KLAS,KDTW
13086,KSFO,KLAX
13087,KPHX,KSAN
13088,KTUL,KATL
13089,KSLC,KPSP
13090,KAUS,KLGB
13091,KORF,KDTW
13092,LEZL,LEBL
13093,KHOU,KDEN
13094,LFPG,LSZH
13095,KDAL,KMDW
13096,KSJC,KPDX
13097,KBUF,KATL
13098,KCLT,KDTW
13099,KGRR,KORD
13100,KRDU,KLGA
13101,KSEA,KPSP
13102,KMIA,KDCA
13103,KPTK,KFNT
13104,KSFO,KLAX
13105,KPDX,KDFW
13106,KLAX,KPDX
13107,UAII,UAAA
13108,KRSW,KSTL
13109,LSGG,LEMD
13110,KONT,4IL3
13111,KDCA,KBNA
13112,UUEE,ULLI
13113,CYYC,KPHX
13114,KCLT,KDCA
13115,KMIA,KBWI
13116,KLAX,KLAS
13117,OMDB,VABB
13118,SBVT,SBSP
13119,KAPF,KPTK
13120,NK07,KMMU
13121,CYVR,CYYJ
13122,KCLT,KTSO
13123,KHOU,KTUL
13124,ESKN,EPKK
13125,KFLL,KTEB
13126,KMSN,KDTW
13127,KLAX,KMIA
13128,VHHH,RKSI
13129,KGRB,KMSP
13130,KSEA,KCMH
13131,KCLT,KSDF
13132,KMDW,KHOU
13133,LIML,LIRF
13134,KECP,KBNA
13135,K45G,KYIP
13136,KPHX,KSFO
13137,KDCA,KDFW
13138,KSDL,KGYR
13139,VABB,OMDB
13140,KLAS,KATL
13141,KLAX,KTUS
13142,KDTO,KFTW
13143,KAUS,KFLL
13144,KPHX,KBNA
13145,KAVX,KMYF
13146,KMSN,KORD
13147,KSMF,KDFW
13148,KMDW,KFLL
13149,KSRQ,KFXE
13150,KFLL,KBOS
13151,KFFZ,KA39
13152,KSLC,KBOI
13153,KMSP,KDFW
13154,KIWS,KEFD
13155,KATL,KCVG
13156,KE16,KRHV
13157,OMDB,VABB
13158,KFDK,KDMW
13159,KSYR,KDTW
13160,KLAS,KVNY
13161,KPHX,KAUS
13162,KSAN,KSFO
13163,UUWW,ULLI
13164,TJSJ,KJFK
13165,KAPA,KVNY
13166,EBMB,EFHK
13167,KADS,KHQZ
13168,KMKE,KORD
13169,EGNX,EHAM
13170,LEPA,LEBL
13171,UKBB,OMDB
13172,KCLT,KBWI
13173,KSRQ,KATL
13174,KLAS,KATL
13175,KDTW,KORD
13176,KMDW,KATL
13177,LPFR,EGCC
13178,KUGN,KAPF
13179,KFLL,KATL
13180,EGLL,EBBR
13181,KSNA,KAJO
13182,KDMA,KTUS
13183,KCLT,KHSV
13184,KSJC,KSBP
13185,KPHX,KPHL
13186,RJBB,VHHH
13187,KSGF,KATL
13188,KDFW,KMSP
13189,KAJO,KCNO
13190,KBLI,KIWA
13191,CZBB,CBQ2
13192,KAPA,KHND
13193,KVNY,KOPF
13194,KRAL,KTOA
13195,KCGZ,KCHD
13196,KLAS,KABQ
13197,KBNA,KCLT
13198,KBUF,KBWI
13199,KMKE,KRSW
13200,KCLT,KOMA
13201,KBOS,KCLT
13202,KCNO,KTOA
13203,ESKN,ESSA
13204,KLGA,KFLL
13205,LKPR,EFHK
13206,5NC3,KTTA
13207,KJVL,KDPA
13208,KMCI,KORD
13209,EDDH,EDDM
13210,KBOI,KSAN
13211,NZTG,NZAA
13212,KDTW,KBWI
13213,KPHX,KDTW
13214,NZPM,NZAA
13215,KAUS,KPHX
13216,KLAX,KMCI
13217,KSGH,KMGY
13218,KBWI,KROC
13219,KDEN,KJFK
13220,KPHX,KMCI
13221,KSNA,KOAK
13222,LLBG,UUEE
13223,KORD,KFLL
13224,SBBR,SBSP
13225,KCLT,KBOS
13226,VHHH,RKSI
13227,KFFZ,KCGZ
13228,KBFI,KAWO
13229,KRDU,KBWI
13230,KNSE,KGZH
13231,KSLC,KJFK
13232,KAUS,KSLC
13233,KDEN,KSLC
13234,KSJC,KMDW
13235,KBWI,KRSW
13236,KATL,KCMH
13237,KDCA,KMDW
13238,ENBR,ENZV
13239,TJSJ,FD37
13240,KHOU,KABQ
13241,KCMH,KMIA
13242,KDVO,KLGB
13243,KTPA,KLGA
13244,VOBL,VIDP
13245,KTEB,KBED
13246,KREI,KSNA
13247,KPAO,CA66
13248,KFFC,64GA
13249,KATL,KEWR
13250,KDEN,KSMF
13251,KSFO,KDAL
13252,KSFO,KMSP
13253,KAUS,KDAL
13254,7TX4,K3R9
13255,KMIA,KDTW
13256,K4A7,GA53
13257,KDCA,KORF
13258,VHHH,RPLL
13259,KI68,2OH9
13260,ESKN,EPKK
13261,KBLI,KBVS
13262,KRSW,KMDW
13263,KBFI,KAWO
13264,KOAK,KLAS
13265,KLAS,KPHX
13266,KBNA,KECP
13267,KGRB,KMSN
13268,KSTL,KDEN
13269,KLOU,64KY
13270,KCLT,KCMH
13271,KORL,KBNA
13272,KLAX,KSLC
13273,KPTK,KD95
13274,KPHX,KMSP
13275,KTEB,KHPN
13276,WMKJ,WMKK
13277,KMIA,KATL
13278,61VA,KJYO
13279,KDEN,KPHX
13280,KBWI,KMIA
13281,KPHL,KRSW
13282,KRNM,KCRQ
13283,EIDW,EGSS
13284,KPHX,KSMF
13285,KMDW,KBWI
13286,3OR8,35OR
13287,KLZU,KWDR
13288,KSJC,KBNA
13289,EGNX,EGPH
13290,KBOI,KPDX
13291,KPIT,KMSP
13292,KVNC,KAPF
13293,KTEB,KFLL
13294,KFFZ,KCGZ
13295,KDEN,35OR
13296,KRDU,KDTW
13297,KDAL,KLAS
13298,KPWK,KENW
13299,KDEN,KOAK
13300,KRSW,KBWI
13301,TJSJ,KEWR
13302,KPSP,KPHX
13303,KSNA,KOAK
13304,EDDM,EDDL
13305,LEPA,EDDM
13306,KSDL,KAPA
13307,PAEN,PANC
13308,KMDW,KSTL
13309,KCLT,KMDT
13310,KI23,2OH2
13311,KONT,KSLC
13312,LIPE,LEMD
13313,KATL,KSDF
13314,KCCB,KPOC
13315,KLAS,KSLC
13316,KSAT,KDAL
13317,LZIB,UKKK
13318,KSNA,KSDL
13319,EFHK,EFOU
13320,NZCH,NZWN
13321,KDFW,KTYS
13322,KPHL,KDTW
13323,KBWI,KOQU
13324,KLAS,KSMF
13325,KDFW,KSMF
13326,KNUC,KNZY
13327,KSEA,KPDX
13328,KCLT,KATL
13329,KRHV,9CL2
13330,K1G4,KLAS
13331,KLGA,KMDW
13332,KHOU,KLAX
13333,KEWR,KCLT
13334,KCCR,KDVO
13335,KDFW,KTUS
13336,KRSW,KDFW
13337,KAFW,KABE
13338,KDEN,KCMH
13339,KDEN,KSJC
13340,CYUL,CNV9
13341,KATL,KRDU
13342,KLNS,14PS
13343,KSMF,KLAX
13344,KLAX,KEWR
13345,KLAS,KSEA
13346,KTYS,8FA4
13347,LIRF,LEMD
13348,KSNA,KSLC
13349,KHEF,VA45
13350,KSFO,KPSP
13351,KDFW,KFAT
13352,KAPA,KSDL
13353,UWLL,UUWW
13354,KDPA,59IL
13355,KCCR,KO08
13356,KDEN,KLAX
13357,8CA5,KMYF
13358,KLGB,KSBA
13359,KSAN,KSJC
13360,KPTW,KPHL
13361,KSFO,35OR
13362,KSNA,KF70
13363,LTFJ,EGSS
13364,KMDW,KMSP
13365,KSEA,PANC
13366,KRAL,KAJO
13367,KPDK,KGVL
13368,KLGB,KTOA
13369,KCLT,KMDT
13370,KNSE,0AL5
13371,04CL,KSEE
13372,KLAS,KSFO
13373,PANC,6AK3
13374,KSLC,KLAS
13375,KMCI,KDEN
13376,KCLT,KMCI
13377,KLAX,KBNA
13378,ENGM,ENBO
13379,KOAK,KSLC
13380,KTPA,KISM
13381,KATL,KLGA
13382,KIAD,KMTN
13383,KFLL,KLGA
13384,KDFW,KDCA
13385,EIDW,EGLL
13386,KMQY,9TN9
13387,EGAC,EGCC
13388,KDEN,KSAN
13389,KLAS,KBUR
13390,KSJC,KSLC
13391,KSNA,KSMF
13392,KRFD,KBWI
13393,KSEA,KLAS
13394,KSDL,KADS
13395,CYUL,KLGA
13396,KCRQ,KSEE
13397,KATL,KIAD
13398,ESMS,ESSA
13399,KRSW,KSTL
13400,KDEN,KTEX
13401,LIML,LEMD
13402,KRIV,KBWI
13403,KMRT,KOSU
13404,KCLT,KSAT
13405,SBSP,SBBR
13406,KEWR,KMCO
13407,NZWN,NZCH
13408,JY04,PA43
13409,KAPF,KSDF
13410,KYKM,KBFI
13411,KFMY,03FA
13412,KLAX,KBWI
13413,KGAI,KDMW
13414,KATL,KRDU
13415,KDEN,KPSP
13416,VHHH,RKSI
13417,KBWI,KLAS
13418,KSLC,KOAK
13419,KBUR,KATL
13420,CYYJ,CYVR
13421,LGAV,LIMC
13422,KDEN,KTUL
13423,KLAS,KRIR
13424,KFFZ,KIWA
13425,KDFW,KFLL
13426,ESGG,ESSA
13427,KDEN,KSNA
13428,EYKA,EPWA
13429,KBOI,KSEA
13430,KCLT,KLAS
13431,KSEA,KSFO
13432,KCCR,KLVK
13433,KPHX,KPAE
13434,KSFO,KSLC
13435,KBWI,KBUF
13436,KCLT,NC03
13437,EGJJ,EGNX
13438,KTPA,KCMH
13439,KDEN,KTUS
13440,KCMH,KEWR
13441,KSEA,KPDX
13442,KTTA,5NC3
13443,KMDW,KMSP
13444,KORF,KATL
13445,KDEN,KSTL
13446,KDFW,KHHR
13447,KTTD,K4S9
13448,KBUF,KJFK
13449,KLAS,KLAX
13450,KTUL,KDEN
13451,KBUR,KSLC
13452,KPSP,KDFW
13453,UUWW,EGGW
13454,KPHX,KMSP
13455,LIME,LICJ
13456,KBWI,KDTW
13457,KLAX,KDFW
13458,KCRQ,KSDL
13459,KFLL,KDFW
13460,KCLE,KRSW
13461,KOWD,KBED
13462,KLAS,KHHR
13463,KPHX,KSJC
13464,KCLT,KFLL
13465,KGEG,KBOI
13466,KPDX,KSMF
13467,CYNJ,CZBB
13468,KOAK,KBOI
13469,KDEN,KBUR
13470,KONT,KPHL
13471,KPHX,KATL
13472,KAUS,KATL
13473,KSFO,KORD
13474,KSFO,KSBA
13475,KATL,KDNN
13476,KO69,KAPC
13477,KHOU,KDFW
13478,KSEE,KSBA
13479,KLAS,KDAL
13480,SBSP,SBRJ
13481,KBDN,5OR5
13482,KHWD,KC83
13483,EHEH,LPFR
13484,KDEN,KSFO
13485,KSLC,KSAN
13486,EBLG,EDDM
13487,KLOM,KLNS
13488,KAVP,KCLT
13489,KNSE,0AL5
13490,EIDW,EIKY
13491,KLVK,KE16
13492,KDFW,KCMI
13493,SBBR,SBGR
13494,KDFW,KMSP
13495,KCHD,KTUS
13496,KCRQ,KRNM
13497,KLZU,4GA9
13498,LPPR,LFOB
13499,SBSP,SBBR
13500,KPHX,KMDW
13501,KSAT,KHOU
13502,KDEN,KATL
13503,KAPA,KHOU
13504,KAUS,KHOU
13505,KORD,KPSP
13506,CYUL,KEWR
13507,KPSP,KSEA
13508,KDFW,KRIR
13509,KABQ,KDAL
13510,KCLT,KDAL
13511,KATL,KDAL
13512,KDEN,KPHX
13513,KLAX,KSEA
13514,KATL,KFLL
13515,KDFW,KMIA
13516,VOMM,WMKK
13517,KNSE,KGZH
13518,OBBI,OMAA
13519,LEMH,LEPA
13520,KBNA,KISM
13521,KBWI,KBKL
13522,VHHH,RJAA
13523,KRSW,KCMH
13524,EBMB,LEMD
13525,OERK,OEDF
13526,EGLL,LPPT
13527,KJYO,3VA7
13528,LEIB,LEBL
13529,KLAS,KMKE
13530,KDEN,KBWI
13531,KSMF,KMDW
13532,KCLT,KBNA
13533,KLZU,KGVL
13534,KNSE,AL97
13535,LSGG,LFBD
13536,KBOI,KLAS
13537,KRHV,KE16
13538,ULLI,UUWW
13539,EGSS,EDDF
13540,KSFO,KSBP
13541,KPHL,KRSW
13542,KATW,KIWA
13543,CYVR,CYCD
13544,KLAS,KSAT
13545,KDFW,KSNA
13546,KRFD,KIWA
13547,ENVA,ENGM
13548,KDEN,KSEA
13549,KDTW,KCLT
13550,KDEN,KIAD
13551,KAUS,KJFK
13552,EGLL,EGAC
13553,KBRY,KSRQ
13554,KRSW,KDAL
13555,KGRR,KMSP
13556,KMIA,KATL
13557,KC83,KOAK
13558,EDDK,EDDB
13559,CYVR,CYYJ
13560,ENVA,ENBO
13561,KMHR,25CL
13562,ULMM,UUEE
13563,K2W6,KCGE
13564,KDEN,KMSP
13565,KSJC,KPDX
13566,EDDH,EDDS
13567,LEMG,EIDW
13568,KOAK,KSNA
13569,KPAO,KHWD
13570,WV21,KFDK
13571,KFLL,KJFK
13572,VECC,OMDB
13573,KATL,KMSP
13574,LGAV,EDDM
13575,KI69,KLUK
13576,KAFW,KSEA
13577,KRFD,KSDF
13578,KL70,KCMA
13579,LEMD,LPPT
13580,KDEN,KLAS
13581,KIWA,KE60
13582,LEMD,LFBD
13583,KSTL,KLGA
13584,K1G4,KLAS
13585,KSLC,KSFO
13586,KLGA,KMIA
13587,KDEN,KMSP
13588,KSJC,KSEA
13589,KATL,KMIA
13590,KMSP,KEWR
13591,KTOA,KAVX
13592,KORL,KJFK
13593,KBUR,KPHX
13594,KDEN,KBNA
13595,LEAL,LFPO
13596,KLAX,KSFO
13597,KLAS,KPDX
13598,KFLL,KATL
13599,KLZU,KAHN
13600,UT99,KPVU
13601,KTPA,KBOS
13602,KMGY,KSGH
13603,KCLT,KPDK
13604,KMSP,KDTW
13605,NZAA,NZWN
13606,KATL,KSEA
13607,KFMY,03FA
13608,KU42,KSNA
13609,KLGA,KBNA
13610,9NC9,KCLT
13611,KSEA,KLAX
13612,KDEN,KIAD
13613,KSAT,KSLC
13614,KAPF,KHPN
13615,CYYC,CYYZ
13616,EHAM,LKPR
13617,KTYQ,KPWK
13618,KORL,KMDW
13619,CBQ2,CZBB
13620,KSFO,KPDX
13621,KMSP,KBOS
13622,LEMD,LEMG
13623,KTEB,KMIA
13624,EPSC,EPWA
13625,LEMG,EHEH
13626,KSRQ,KIAD
13627,KLGA,KATL
13628,49OH,KATL
13629,KONT,KSEA
13630,KSDL,KSBA
13631,KSLC,KSJC
13632,LFST,LFBO
13633,KSTL,KMSP
13634,KDEN,CYYC
13635,UUWW,ESSA
13636,KDFW,KDTW
13637,KCLT,KBKL
13638,KSEA,KONT
13639,KCGZ,KCHD
13640,KHQZ,KADS
13641,KDEN,KBOI
13642,KSJC,KDAL
13643,KCRQ,37CA
13644,KPHL,KLAS
13645,KSAT,KDFW
13646,KPDX,KSEA
13647,KMSP,KRSW
13648,KDFW,KSAN
13649,KMIA,KDFW
13650,LEMD,LEBL
13651,37MI,KPTK
13652,OR04,KBDN
13653,KVNY,KSDL
13654,KTOA,KLGB
13655,KSTL,KEWR
13656,KDEN,KSBP
13657,NZGB,NZAA
13658,KDTW,CYUL
13659,CYYC,KPSP
13660,KONT,KDFW
13661,KDFW,KATL
13662,CYYZ,CYVR
13663,KSAT,KBWI
13664,KMMU,KHPN
13665,KATL,KIAD
13666,KDEN,KCOS
13667,KMDW,KPHX
13668,78WA,KPAE
13669,KBOI,KBFI
13670,KFLL,KIAD
13671,KDEN,KORD
13672,KHOU,KSAN
13673,KDAL,KOPF
13674,LEMD,LEAL
13675,KSRQ,KDFW
13676,KBNA,KIAD
13677,KDFW,KHOU
13678,KLAX,KSFO
13679,KDEN,KPDX
13680,KSLC,KRIR
13681,KLGB,KCMA
13682,EDDW,EDDM
13683,CYUL,KFLL
13684,LEMG,LEBL
13685,LEAL,LEBL
13686,LFBD,LFGC
13687,ENGM,ENZV
13688,SBMT,SBST
13689,KC83,KSQL
13690,KHOU,KFLL
13691,KTOA,KSNA
13692,KPDX,KSLC
13693,KDFW,KSDF
13694,KDEN,KDCA
13695,KLAS,KSEA
13696,EGHS,EGHH
13697,KSQL,KSNS
13698,KSFO,KBOI
13699,LPPT,LIPE
13700,KSFO,KLAS
13701,KATL,KIAD
13702,EFHK,ESSA
13703,KVNY,KEMT
13704,KPHX,KSNA
13705,KFTY,KTEB
13706,KHEF,VA87
13707,LYBE,LDZA
13708,KLGA,KRDU
13709,KSEA,KSNA
13710,KBWI,KATL
13711,KPHL,KCLT
13712,KLAS,KRIR
13713,KAUS,KEWR
13714,KMDW,KBUF
13715,KSAN,KORD
13716,KPHX,KSLC
13717,KDFW,KTUL
13718,KBOS,KBKL
13719,EGNT,EGAA
13720,KSRQ,KBOS
13721,KDEN,KSBA
13722,KBNA,KLGA
13723,EDDK,EPKT
13724,EPGD,EGGW
13725,KAPF,KSUS
13726,ENBR,ENZV
13727,KONT,KSFO
13728,KOAK,KLAX
13729,KMSP,KLGA
13730,KSAN,KBOI
13731,KSDM,37CA
13732,TJSJ,KMIA
13733,KPHL,KSTL
13734,K61B,K1G4
13735,KLAS,KMDW
13736,KFLL,KBOS
13737,KDFW,KRSW
13738,ENVA,ENBO
13739,KCLT,KATL
13740,KSFO,KSLC
13741,KMSP,KEWR
13742,SBRJ,SBSP
13743,KDFW,KDAY
13744,EDDH,UKKK
13745,KFLL,KTEB
13746,CYVR,CYYZ
13747,KSFO,KABQ
13748,KSQL,KAPC
13749,KPYM,KBED
13750,KDEN,KEWR
13751,KDFW,KSFO
13752,KSAN,KDFW
13753,KVNY,KCNO
13754,KRSW,KBOS
13755,KTUL,KDFW
13756,KSBP,KPHX
13757,KPDX,KSAN
13758,EDDM,EDDK
13759,KCLT,KPHX
13760,EDDF,EFHK
13761,KPHX,KDAL
13762,KBOS,KFLL
13763,KBUR,KLAS
13764,KVNY,KHHR
13765,KPHL,KMSP
13766,KSLC,KLAX
13767,KORF,KCLT
13768,KFUL,KCMA
13769,KDVT,KE25
13770,KORL,KMSP
13771,KDFW,KBNA
13772,KOAK,KSEA
13773,KATL,KEWR
13774,KCNO,KSNA
13775,KBNA,KDEN
13776,LEIB,LEPA
13777,KLAS,KATL
13778,CYYC,CYVR
13779,KSAN,KPHX
13780,KSNA,KPOC
13781,LEPA,EDDK
13782,KPHX,KABQ
13783,KDTW,KBOS
13784,KSRQ,KFXE
13785,KSDF,KAPA
13786,LPPR,LFPO
13787,KDCA,KCLT
13788,KCMH,KLAS
13789,KMDW,KLAS
13790,KVNY,KSBA
13791,KSTS,KPHX
13792,KPHX,KSAT
13793,KORD,KMSP
13794,KSEA,KABQ
13795,KCRQ,KAVX
13796,KSMF,KLAX
13797,KATL,NC16
13798,YSWG,YSCB
13799,KFAT,KPHX
13800,CYYC,CYUL
13801,KCLE,KBOS
13802,KIAD,KLAS
13803,KATL,KLGA
13804,EDDK,EDDM
13805,KDFW,KFLL
13806,KF70,KMYF
13807,KSEA,KTUS
13808,KGEG,KPDX
13809,KCMH,KCLT
13810,KSJC,KLAX
13811,KDFW,KPHX
13812,KCMA,KSBA
13813,KSMF,KPDX
13814,KDTW,KMSP
13815,KDAL,KHOU
13816,KATL,KTYS
13817,KARR,IL38
13818,CYUL,CYYZ
13819,KSLC,KPSP
13820,KDEN,KLAS
13821,KHOU,KDAL
13822,KDTW,KORF
13823,KGRR,KDTW
13824,KDEN,KMKE
13825,KLNC,KRBD
13826,KHKY,4NC3
13827,KSNA,KCNO
13828,KDFW,KM99
13829,KDEN,KATL
13830,MROC,KFLL
13831,KDAB,KATL
13832,KATL,KDTW
13833,CYVR,CYCD
13834,KLGB,KWHP
13835,KGRB,KMSN
13836,KSDL,KCHD
13837,KRDU,KCMH
13838,KATL,KISM
13839,UKBB,EDDP
13840,KRAL,KSNA
13841,EGLL,LEMD
13842,KDTW,KPIT
13843,EPGD,EPKK
13844,KMSP,KLAS
13845,KDFW,KSEA
13846,KATW,KMSP
13847,KATL,KGRB
13848,KONT,KPDX
13849,KWVI,KRHV
13850,KCNO,KFUL
13851,K1G4,KLAS
13852,KRSW,KATL
13853,KLAS,KOAK
13854,KDEN,KPHX
13855,KSFO,KGEG
13856,KSJC,KSAN
13857,LEAL,EBCI
13858,NZCH,NZAA
13859,KPHL,KBOS
13860,KCMH,KPHX
13861,KMDW,KLAS
13862,LHBP,LIRA
13863,KLAX,KORD
13864,KBOS,KDFW
13865,KAPF,FL57
13866,KSLC,KLAS
13867,KATL,KPHX
13868,KHQZ,KADS
13869,KDEN,KFAT
13870,KDEN,KMCI
13871,KDAL,KMDW
13872,KATL,KRSW
13873,KSFO,KSEA
13874,KFHR,KRNT
13875,CYYZ,CYUL
13876,PANC,KSEA
13877,KMSP,KIAD
13878,KSMF,KLAS
13879,KPHX,KLAS
13880,CYYJ,CYVR
13881,KHPN,KN69
13882,LJLJ,EDDP
13883,VHHH,RKSI
13884,KNZY,KNUC
13885,KDTW,KLAX
13886,YMML,YPAD
13887,KCRQ,KRNM
13888,KFLL,KMSP
13889,KPHX,KOAK
13890,KEWR,KMIA
13891,EDDF,EBBR
13892,KORD,KALB
13893,KATL,KPLR
13894,KNSE,FD82
13895,KAUS,KBNA
13896,LEPA,LEBL
13897,KDFW,KPHL
13898,UUWW,UWWW
13899,KDEN,KCOS
13900,KABQ,KLAS
13901,KADW,MA72
13902,KCMH,KDTW
13903,NZAA,NZAP
13904,EDDM,LEMD
13905,KBUR,KLAS
13906,LPPD,LPPT
13907,KDEN,MT54
13908,KVGT,KLSV
13909,KSLC,KORD
13910,KAUS,FD83
13911,KDFW,KPSP
13912,VOBL,VIDP
13913,KLAS,KDFW
13914,KMSP,KATL
13915,UUWW,ULLI
13916,KSTS,KSAN
13917,KDFW,KIAD
13918,KTPA,KMIA
13919,KBED,KPWK
13920,KMKE,KBWI
13921,KUGN,KTYS
13922,CYYC,CYYZ
13923,LEIB,LEPA
13924,LPPR,LFPO
13925,KATL,KORF
13926,KBNA,KRDU
13927,YSCB,YMML
13928,TJSJ,KJFK
13929,KBOS,KATL
13930,KPAO,KSTS
13931,KMCI,KLAX
13932,KATL,KLAX
13933,KMSP,KMKE
13934,KCLT,KDAL
13935,KDEN,KOMA
13936,LFPO,LFBO
13937,KDFW,KVPS
13938,KATL,KHOU
13939,KRSW,CYYZ
13940,RKSI,RCTP
13941,YCBG,YMML
13942,KDFW,KLAS
13943,KDEN,KPHL
13944,EDDM,ELLX
13945,KORF,KBWI
13946,KGEG,KSEA
13947,KSLC,KSAN
13948,KSFO,KIAD
13949,KLAS,KBOI
13950,KATL,KPHL
13951,KI74,KMRT
13952,KOAK,KSJC
13953,KPUJ,KRYY
13954,KONT,KSMF
13955,KATL,KDTW
13956,KLAX,KBWI
13957,KAWO,KRNT
13958,KNSE,K12J
13959,KATL,KSRQ
13960,KSMF,KPHX
13961,NZCH,NZPM
13962,KDEN,KDAL
13963,KSJC,KBUR
13964,KBNA,KPGD
13965,KPHX,KPSP
13966,KDFW,KEWR
13967,KCLE,KMDW
13968,EGLL,LEBL
13969,KORD,AL18
13970,NK43,KIAD
13971,KDEN,KSLC
13972,00AZ,KDVT
13973,KSMF,KPDX
13974,KDAL,KATL
13975,KGYY,KDPA
13976,KLGA,KDFW
13977,KVNY,KSNA
13978,KPHX,KBOS
13979,KAJO,KSNA
13980,4CA8,KHWD
13981,LEMG,LFPO
13982,KORD,KDFW
13983,KRDU,KATL
13984,KEWR,KIAD
13985,KDFW,KCOS
13986,KDFW,KSTL
13987,EKCH,EVRA
13988,KSDL,KGEU
13989,KMSP,KBWI
13990,KCMH,KRSW
13991,NZAA,NZCH
13992,CYYJ,CYYC
13993,YSSY,YMML
13994,KBUF,KBOS
13995,ESGG,EPWA
13996,KSFO,KTUS
13997,KVNY,K36U
13998,KDAL,KRSW
13999,KABE,8FA4
14000,ZGSZ,RJAA
14001,EDDM,EDDH
14002,KPHX,KSEA
14003,49OH,KDTW
14004,KOAK,KPHX
14005,KBOI,KLAS
14006,KSFO,KORD
14007,KDFW,KSAF
14008,ENZV,ENGM
14009,KPHX,KLGB
14010,KSNA,KOAK
14011,KMSP,KDFW
14012,KDTW,KLAS
14013,KDFW,KBMI
14014,SC86,K47A
14015,LPPT,LFPO
14016,KIND,KDTW
14017,OMDB,OBBI
14018,KORD,KSDF
14019,KCLT,KIAD
14020,KRSW,KIAD
14021,EDDM,EDDH
14022,KPDK,KLUK
14023,KDFW,KABQ
14024,KOSU,KUYF
14025,KPDX,KPHX
14026,CYVR,CYCD
14027,KDFW,KSAT
14028,NZAA,NZOI
14029,KDAL,KFLL
14030,KAPA,CO86
14031,KEMT,KCMA
14032,LTFJ,EDDK
14033,KHYA,KPYM
14034,TBPB,KMIA
14035,KSTL,KBNA
14036,KMSN,KMSP
14037,VOBL,VABB
14038,KDEN,KEWR
14039,KCCR,KHAF
14040,KEWR,KROC
14041,KOAK,KVNY
14042,KSEA,KATL
14043,KFHR,KRNT
14044,KDFW,KLGA
14045,KMRY,KPHX
14046,KOSU,KI23
14047,EKCH,LEMD
14048,EBMB,LIML
14049,KATL,KDCA
14050,EDDB,LPPT
14051,CYVR,CYYJ
14052,KPHL,KMCO
14053,KLAX,KPHX
14054,LEIB,LEPA
14055,KGSO,KATL
14056,KOXR,KSBP
14057,KLAS,KDTW
14058,KVNY,KCMA
14059,KMSP,KCMH
14060,KSAN,KFAT
14061,KPDK,85GA
14062,YMML,YMHB
14063,OMDB,VIDP
14064,KPDX,KORD
14065,KAPF,KBMG
14066,KATL,KEWR
14067,LEPA,LEBL
14068,KSEA,MT54
14069,ENVA,ENGM
14070,KHSV,KATL
14071,KRSW,KCMH
14072,LPPT,LPPR
14073,KRDU,KHNZ
14074,KSAT,KLAS
14075,EDDF,EKCH
14076,CYYC,CYUL
14077,KDTW,KDAY
14078,VHHH,RJAA
14079,7OR7,KTTD
14080,61VA,KJYO
14081,KECP,KATL
14082,ENGM,EKCH
14083,KMSP,KPHL
14084,KIAD,KEWR
14085,CYYZ,CYYC
14086,KGAI,KDMW
14087,KSAN,KBUR
14088,KAUS,KLAS
14089,KBUR,KSJC
14090,CYYC,CYCD
14091,LTAC,LTFJ
14092,KMIA,KIAD
14093,LFPO,LFML
14094,CYYZ,CYOW
14095,KSDF,KJFK
14096,KSNA,KPHX
14097,KSJC,KPHX
14098,KOAK,KSEA
14099,KPHX,KLAX
14100,KIND,KEWR
14101,CYUL,KIAD
14102,KRYY,KOPF
14103,KSDL,KTEB
14104,KBOS,KMIA
14105,KJYO,61VA
14106,KATL,KLAS
14107,KMIA,SKBO
14108,KMDW,KOAK
14109,KAUS,KDFW
14110,KSFO,KSEA
14111,KORD,KBOS
14112,KDFW,KSLC
14113,KHND,KSNA
14114,KDAL,KABQ
14115,CYKF,CNQ4
14116,KFLL,KCMH
14117,KORD,KBNA
14118,KRSW,KBKL
14119,KEMT,KBUR
14120,KLGB,KPHX
14121,KMKE,KSTL
14122,KBOS,KLEB
14123,KDTW,CYYZ
14124,EGSS,LPFR
14125,CYKA,CYYC
14126,KDEN,KSEA
14127,LPPT,LPPR
14128,NZNV,NZCH
14129,EIDW,LFPO
14130,KDFW,KBOI
14131,KRHV,KHAF
14132,KA39,KFFZ
14133,PANC,40AK
14134,UUEE,UWWW
14135,KMIA,KMSP
14136,KFLL,KIAD
14137,SPJC,SPST
14138,KTCY,KRHV
14139,KSDL,KGEU
14140,KORL,KMSP
14141,ENZV,EKCH
14142,KDEN,KBNA
14143,KLAS,KPHX
14144,KORD,KABE
14145,KLGB,KPHX
14146,LFML,LFPO
14147,KOMA,KSLC
14148,KSFO,CYVR
14149,KLOU,3IN6
14150,KPHL,KORF
14151,KBNA,KDAL
14152,KORD,CYYZ
14153,ENVA,ENNM
14154,KRSW,KPHL
14155,KORD,KSRQ
14156,KMCC,KAUN
14157,NZPM,NZCH
14158,YMML,YBCG
14159,KSEA,KPDX
14160,KRNM,KF70
14161,KDPA,KJVL
14162,KLNS,KLOM
14163,KGYY,KDPA
14164,KDCA,KDAL
14165,KDTW,KTYS
14166,KVNY,KOPF
14167,KLAS,KTUS
14168,LEMD,LEMH
14169,KBWI,KBOS
14170,KSEA,KYKM
14171,VOMM,OMDB
14172,KPVU,UT99
14173,KILG,KTTN
14174,KSAN,KATL
14175,KORD,KSEA
14176,ZGSZ,RJAA
14177,KDAL,KPHX
14178,KLNS,KBWI
14179,KLAS,KORD
14180,KDFW,KBOS
14181,KLVK,KSAC
14182,KLGB,KPOC
14183,KSTL,KBNA
14184,KORD,KGRB
14185,KBFI,KVNY
14186,KBWI,KMDW
14187,KBUR,KDAL
14188,PANC,6AK3
14189,KSEA,35OR
14190,KMSP,KDCA
14191,KFAY,KATL
14192,KPHX,KDFW
14193,KLAX,KSFO
14194,KORD,4IL8
14195,KDTW,KIAD
14196,KEFD,KHOU
14197,NZCH,NZOI
14198,CYCD,CYVR
14199,KSFO,KSAN
14200,KLAS,KSNA
14201,KSAN,KPAE
14202,SBRJ,SBGR
14203,VHHH,RKSI
14204,KEWR,KDFW
14205,KARR,IL38
14206,PANC,6AK3
14207,KMCI,KMSP
14208,KMMU,4NJ8
14209,KABQ,KPHX
14210,KDTW,KOMA
14211,KMSP,KORD
14212,KBUR,KPHX
14213,LPPT,LSGG
14214,LFQQ,LFBD
14215,KDFW,KPDX
14216,KSEA,KPHX
14217,KTPA,KLAS
14218,KTOA,KSBA
14219,CYYZ,CHD4
14220,KPDX,KLAX
14221,KBOS,VG64
14222,KLAS,KBWI
14223,LFPB,LSGG
14224,KMSP,4WI4
14225,KSTL,KCLT
14226,KORD,KTYS
14227,KRNM,KCRQ
14228,KCLT,KPHL
14229,KCNO,KAVX
14230,KMDW,KDCA
14231,CYQQ,CYYC
14232,KDEN,KABQ
14233,KLAX,KOAK
14234,ENBR,ENGM
14235,KORD,KRAC
14236,KSEA,KMKE
14237,VHHH,RPLL
14238,KSNA,KLAS
14239,KLAX,KORD
14240,EGCC,EBBR
14241,KPHL,KIAD
14242,KPDX,KPHL
14243,LFBD,LFML
14244,KORD,KDTW
14245,KMDW,KRSW
14246,KLAS,CYVR
14247,KSEE,KSBP
14248,KHAF,KPAO
14249,KSNA,KCRQ
14250,KSEA,KGEG
14251,KSPG,KX49
14252,KSAN,KSMF
14253,KSQL,KHAF
14254,KTPA,KIAD
14255,KBFL,KPHX
14256,KMSN,KATL
14257,KGRR,8FA4
14258,LIPE,EDDK
14259,KDTW,KATL
14260,EHAM,EGLL
14261,KDAY,KIAD
14262,SBGR,SBRJ
14263,KMSP,KISM
14264,KRNT,KS50
14265,PANC,98AK
14266,KDEN,KATL
14267,KDTW,KMCI
14268,KONT,KPHX
14269,KMSP,KBOS
14270,KORD,KMSN
14271,KMIA,KEWR
14272,CYXE,CYYC
14273,KLAX,KBNA
14274,KFAT,KPHX
14275,CYMX,CNV9
14276,KABE,KATL
14277,KSNA,KDFW
14278,KSEA,CYVR
14279,LTBA,EDDP
14280,LSZH,LKPR
14281,KGRR,KDFW
14282,LIMC,EGSS
14283,KRSW,CYYZ
14284,KPHL,KSTL
14285,KDFW,KMCI
14286,KPSP,KSEA
14287,KORD,KPHX
14288,KDEN,KSFO
14289,KLAX,KSLC
14290,OTHH,VABB
14291,EHAM,EFHK
14292,KFLL,KBWI
14293,ENGM,ENVA
14294,KMIA,KDEN
14295,VHHH,WSSS
14296,47PA,KIAD
14297,KORD,KMSP
14298,KHYA,KBOS
14299,KTOA,KSNA
14300,KABQ,KPDX
14301,KORL,KSTL
14302,KHPN,KRSW
14303,KCCB,KSJC
14304,KIND,KIAD
14305,KSAN,KSTS
14306,KATL,KMCI
14307,KSAT,KHOU
14308,KC83,KSQL
14309,KPAO,KAUN
14310,KPDX,KMSP
14311,EHAM,EDDB
14312,KORD,IA84
14313,KLAX,KSEA
14314,KCCB,8CA5
14315,KSRQ,KEWR
14316,KDEN,KJFK
14317,KGPM,3XA1
14318,EDDF,LSZH
14319,KVNY,KCMA
14320,KSLC,KBOI
14321,LFPG,LFBY
14322,KCDW,KISP
14323,KLAS,KMSP
14324,KLAX,KFLL
14325,KPHL,KATL
14326,KBWI,KRDU
14327,KSEA,KSNA
14328,ENGM,ESSA
14329,KSAN,KSEA
14330,KPHX,KHOU
14331,KSFO,KBOI
14332,KHSV,KIAD
14333,KFFZ,KCHD
14334,KSNA,KPHX
14335,KBDN,35OR
14336,KSEA,KDTW
14337,KJFK,KATL
14338,KLGA,KDFW
14339,KSBP,KPRB
14340,KORD,KMKE
14341,KORD,KMDT
14342,EHAM,LFBD
14343,KFLL,CYUL
14344,KECP,KDFW
14345,KE60,KIWA
14346,KTPA,KHOU
14347,KSEA,KSMF
14348,VHHH,RJBB
14349,NZCH,NZWN
14350,KRSW,KLGA
14351,KPHX,KSEA
14352,KSTL,KDFW
14353,KPHL,KTYS
14354,KBOI,KORD
14355,KATL,KHOU
14356,NZAA,NZWJ
14357,KMIA,KATL
14358,KFUL,KSNA
14359,KMDT,KIAD
14360,KLGA,KMIA
14361,KMSP,KIAD
14362,OMDB,VIDP
14363,EDDF,EDDC
14364,EHAM,EPGD
14365,KORD,KDTW
14366,MI35,KJXN
14367,KSEA,KGEG
14368,EGSS,EKCH
14369,KATL,KECP
14370,KLAS,KSLC
14371,KSNA,KSEA
14372,TJSJ,KATL
14373,KFLL,KRDU
14374,KDAL,KMCI
14375,KPHL,KBNA
14376,NZCH,NZWN
14377,KORD,KBOS
14378,KHOU,KOMA
14379,ENGM,EDDV
14380,EHAM,EDDM
14381,KSAN,KHOU
14382,KSLC,KLAX
14383,KORD,KMIA
14384,KOAK,KCCR
14385,KPHX,KOMA
14386,KLGB,KSLC
14387,ZGSZ,RPLC
14388,NZWN,NZPN
14389,KDFW,KHHR
14390,EGGW,EPWA
14391,KORD,KROC
14392,KLBE,PN66
14393,EHAM,EDDH
14394,KSFO,KLAS
14395,EHAM,LSZM
14396,KU42,KSNA
14397,KORD,KPHL
14398,KHOU,KDAL
14399,KMSP,KJFK
14400,KPDK,KACJ
14401,KSEA,KSBP
14402,EGPD,EGNX
14403,KSJC,KRIR
14404,KSMO,KCMA
14405,KSAC,KSBP
14406,KRDU,KMCF
14407,LHBP,EDDB
14408,KPHL,KRDU
14409,KATL,KSLC
14410,KMMU,KN51
14411,KMIA,SKBO
14412,KBNA,KDFW
14413,KSRQ,KPHL
14414,CYVR,CYYC
14415,KSNA,KTOA
14416,KORF,KEWR
14417,KLUK,KI69
14418,KATL,KORD
14419,EGCC,LFPG
14420,KLAX,KMSP
14421,KMCI,KMIA
14422,KSEA,KLAS
14423,EGSS,EKCH
14424,KMDW,AL18
14425,KFLL,KEWR
14426,KONT,KSEA
14427,KATL,KDEN
14428,KBNA,KDCA
14429,KPSP,KPHX
14430,EHAM,EPKK
14431,KCLT,KDFW
14432,SBGL,SSJC
14433,KSBA,KCMA
14434,LEMD,LEPA
14435,KDCA,KRSW
14436,KSTL,KIAD
14437,LOWW,ELLX
14438,KDEN,KSEA
14439,KRSW,KIAD
14440,EGBB,EGAC
14441,KSGH,KMGY
14442,KORF,KDCA
14443,YPAD,YBBN
14444,KLGB,KCMA
14445,EGAA,EGNX
14446,SPST,SPJC
14447,KSEA,KPDX
14448,KDEN,KRDU
14449,ZGSZ,WSSS
14450,ESPA,ESSA
14451,EGCC,EGAA
14452,KFLL,7PS7
14453,KPDX,KBFI
14454,KORL,KHOU
14455,KSKA,KSEA
14456,KTPA,KDFW
14457,KRFD,KRIR
14458,SBGL,SBSP
14459,KLAS,KSEA
14460,KRDU,KCLT
14461,EKBI,LEMG
14462,KAUS,KPHX
14463,KGRR,KRSW
14464,KATL,KOMA
14465,KPYM,KHYA
14466,KPAO,KUDD
14467,KE25,KDVT
14468,KBUR,KOAK
14469,OERK,OEDF
14470,CYYJ,CYVR
14471,KCLT,KORD
14472,CYYZ,KIAD
14473,LFPG,EDDB
14474,KGAI,KLNS
14475,YPAD,YBBN
14476,KBWI,KDAL
14477,KTPA,KDTW
14478,KFMY,KPGD
14479,ULLI,UUWW
14480,KSEA,KSFO
14481,EHAM,ESGG
14482,LFRS,LSGG
14483,OMSJ,VABB
14484,KPHL,KSDF
14485,KSLC,KORD
14486,KCLT,KTYS
14487,KI74,KI69
14488,ZGSZ,RKSI
14489,KE16,KRHV
14490,TXKF,KATL
14491,04CL,KSEE
14492,KSAN,KLAS
14493,KLAX,KDAL
14494,LIMC,EHAM
14495,EHAM,LKPR
14496,KMSP,KLAX
14497,KSDL,KAPA
14498,KBOI,KSMF
14499,KPDK,4GA9
14500,LFPO,LSGG
14501,KMDW,KTEB
14502,KRSW,KMSP
14503,KLUK,KMDW
14504,KDEN,KBOS
14505,KPIT,KDUJ
14506,K1G4,K61B
14507,KVNY,KSNA
14508,KAPC,KSQL
14509,KCLT,KEWR
14510,KATL,KGYH
14511,KEWR,KMIA
14512,UUEE,ULLI
14513,KTEX,KDEN
14514,KLZU,K49A
14515,KTYS,KIAD
14516,CYCD,CYYC
14517,KSNA,KSFO
14518,KDMW,KGAI
14519,KBOS,KBNA
14520,LIRF,LICJ
14521,KFRG,2NK3
14522,OMDB,OBBI
14523,KCLT,KMSP
14524,TX67,KGKY
14525,KDFW,KISM
14526,KFLL,KORD
14527,KPDX,KOAK
14528,KTPA,KORD
14529,KDVT,26AZ
14530,KLAX,KSEA
14531,KIAD,KDEN
14532,NZAA,NZGB
14533,KBNA,KDEN
14534,KBFI,KUDD
14535,KSKA,KSEA
14536,KPSP,KORD
14537,EGLL,LIMC
14538,LFPG,LIMC
14539,KRSW,KATL
14540,KCLT,KFLL
14541,LIMC,LIRF
14542,LLBG,LHBP
14543,KCRQ,KIWA
14544,EDDF,ESGG
14545,KRHV,KHAF
14546,KCLT,NC06
14547,KHWD,KLVK
14548,YSSY,YSWG
14549,KEWR,KDEN
14550,KPHL,KBKL
14551,KPDX,KSEA
14552,WN51,KBLI
14553,KSEA,KPHX
14554,ENBR,ENGM
14555,KATL,KFLL
14556,KSAN,KLAS
14557,KEMT,KBUR
14558,KLAX,KORD
14559,ENGM,EKCH
14560,EDDB,ELLX
14561,KSEA,KSFO
14562,KMIA,KORD
14563,RPLL,WSSS
14564,LKMT,EDDP
14565,VHHH,RJAA
14566,EHAM,ESSA
14567,KCLT,KABE
14568,KPDX,KLAX
14569,KRHV,KE16
14570,KMDW,KBOS
14571,LTFJ,EDDK
14572,KATL,KMIA
14573,KGSO,KDFW
14574,KLGA,KIAD
14575,VIDP,VABB
14576,MROC,KFLL
14577,KMSP,KGRB
14578,KSEA,KORD
14579,SKBO,SPJC
14580,KSFO,KLAS
14581,KDEN,KSTL
14582,LGAV,EGSS
14583,KBOS,KCLT
14584,YSBK,YSCH
14585,KSJC,KSTL
14586,KJFK,KRSW
14587,KEWR,KATL
14588,KLAS,KOMA
14589,KRDU,KIAD
14590,K61B,K1G4
14591,KCLT,KMIA
14592,EDDF,UKBB
14593,KMDW,KRDU
14594,KDTW,KABE
14595,KSEA,KSJC
14596,KLAX,KATL
14597,KCLW,KSPG
14598,KHPN,KOPF
14599,KLAS,KLAX
14600,9NC9,KCLT
14601,KFAT,KPSP
14602,KPHX,KMSP
14603,KCLT,KATL
14604,KJVL,KMSN
14605,KCLT,KEWR
14606,KRHV,KSNS
14607,YMML,YPPH
14608,KRHV,KSNS
14609,KDEN,7PS7
14610,LHBP,LKPR
14611,KSEA,KLAS
14612,KDAL,KSJC
14613,KGRR,KSRQ
14614,KEWR,KCLT
14615,KRSW,KPHL
14616,KSFO,KMSP
14617,KMCI,KLGA
14618,KSQL,KHAF
14619,KLAS,KCOS
14620,EHAM,LEMD
14621,KOAK,KLAX
14622,KCMA,KOXR
14623,EDDM,EDDL
14624,KOSU,OH88
14625,KSDF,KDEN
14626,KCLT,KDTW
14627,KOAK,KC83
14628,YMML,YPPH
14629,K1G4,KLAS
14630,VHHH,RKSI
14631,6AK3,PANC
14632,KSMO,KL70
14633,KPWK,KAPF
14634,KDFW,KDEN
14635,KAUS,KDEN
14636,YSBK,YSWG
14637,KSTL,KLAS
14638,KSLC,KLAS
14639,NZWN,NZCH
14640,EHAM,LEBL
14641,KONT,KPDX
14642,KBNA,KLGA
14643,KBUR,KSEA
14644,EHAM,EKCH
14645,KATL,KRDU
14646,KBOS,KMCO
14647,KCLT,NC48
14648,KSJC,KSNA
14649,KPHL,KDTW
14650,KSEA,KBOI
14651,KABE,KPIE
14652,KLAS,KSEA
14653,EKCH,ESGG
14654,KVNC,KSRQ
14655,EGJB,EGNX
14656,KBUR,KVNY
14657,KDEN,KPHX
14658,EBLG,EGNX
14659,KCLT,KDAY
14660,KMSN,KDFW
14661,KLGA,KBNA
14662,KSDM,KSNA
14663,YSSY,YSCH
14664,KORL,KMKE
14665,KHAF,CA66
14666,LPPT,LFBO
14667,KCLT,KW91
14668,CYYZ,CYQB
14669,KJFK,KDCA
14670,KSBA,KOXR
14671,KBWI,KRSW
14672,PN14,KBTP
14673,KFLL,KPTK
14674,KBOS,KDCA
14675,KLAS,KMCI
14676,KSQL,CA66
14677,EDDF,LDZA
14678,KPIT,KEWR
14679,EDDF,LIRF
14680,KTCY,KSQL
14681,KHWD,KPAO
14682,KMCI,KDAL
14683,KRFD,KSEA
14684,KPDX,KBOI
14685,LPPR,LFBO
14686,KORD,KLAX
14687,VIDP,VOBL
14688,KBNA,KSLC
14689,CYYZ,KBOS
14690,LHBP,LOWW
14691,YMML,YWLM
14692,KPAO,KTCY
14693,KBOS,KMSS
14694,EHAM,LSZH
14695,KBOI,KSEA
14696,KSAN,KORD
14697,KLAS,KLGB
14698,KATL,KDFW
14699,KPWK,KAPF
14700,ULLI,UUWW
14701,KCCB,KMYF
14702,KTUS,KPHX
14703,KOXR,KVNY
14704,KEWR,KRDU
14705,CYYZ,KEWR
14706,KSTL,KMDW
14707,KCLT,KLGA
14708,KCRQ,KL08
14709,KSMO,KCMA
14710,KSLC,KLAS
14711,KSQL,KLVK
14712,KMSP,KATL
14713,K36U,KDVT
14714,EDDF,ESSA
14715,KRSW,KDTW
14716,KSEA,KSAN
14717,KATL,KRSW
14718,KJFK,KBOS
14719,EGAA,EGNX
14720,KBUR,KPHX
14721,KATL,KLGA
14722,KHHR,KSTS
14723,KSEA,CYVR
14724,SBSP,SBBR
14725,KPHL,KBUF
14726,LIRA,LIPZ
14727,LIRA,LIPZ
14728,KDCA,KMSP
14729,EDDB,LSZM
14730,KSTL,KSAN
14731,VHHH,RKSI
14732,EDDF,LHBP
14733,5NC3,KTTA
14734,KPIT,KFLL
14735,KATL,KAFW
14736,KDFW,KDEN
14737,KATL,KTUL
14738,KPHL,KALB
14739,EHAM,LFPG
14740,KBED,KFXE
14741,KCLT,NC71
14742,KDTW,KIAD
14743,KCLT,KMKE
14744,KLAS,KHOU
14745,LPPT,EGLL
14746,KORL,KDEN
14747,LPPR,LFML
14748,NZCH,NZNV
14749,KSLC,KLAX
14750,KJFK,KDTW
14751,EHAM,EGBB
14752,KDFW,KCOS
14753,KCMA,KVNY
14754,SBSP,SBBR
14755,KDEN,KSLC
14756,YMML,YSSY
14757,KSEA,KLAX
14758,CYYZ,KFLL
14759,LEPA,LEIB
14760,KPHL,KORF
14761,KSFO,KMFR
14762,KEWR,KORF
14763,KVNY,KCMA
14764,KSBP,KDFW
14765,KF70,KCRQ
14766,KPHX,KDTW
14767,KATL,KSTL
14768,KDCA,KATL
14769,KBWI,KATL
14770,KSFO,KSNA
14771,EGCC,EGPD
14772,KORL,KLGA
14773,VT48,KIAD
14774,KCLT,KRSW
14775,KMIA,KBWI
14776,KBOS,KRSW
14777,KPHL,KDAY
14778,KPGV,KRWI
14779,EHAM,LIRF
14780,ULLI,ULMM
14781,KSEE,KCRQ
14782,KSMF,KPHX
14783,KBUF,KIAD
14784,KSJC,KSTL
14785,KDAL,KISM
14786,NZAA,NZCH
14787,LTFJ,EDDP
14788,77OH,KMWO
14789,KEWR,KMSP
14790,KSEA,KMSP
14791,KBOS,KMCO
14792,KORD,KMCO
14793,KMIA,SKMA
14794,KRHV,KE16
14795,EPWA,LFPG
14796,EGKK,EGAA
14797,KDCA,KMCO
14798,CYYZ,KDFW
14799,KLAS,KORD
14800,TXKF,KTEB
14801,KORD,KSLC
14802,NZAA,NZWR
14803,KSAN,KOAK
14804,KCLT,NC03
14805,KATL,KISM
14806,KDEN,KSAN
14807,KHWO,KOPF
14808,KDAL,KBNA
14809,KORD,VA95
14810,KDFW,KDEN
14811,K1G4,KLAS
14812,KATL,KDFW
14813,KCMH,KSTL
14814,KCGZ,KFFZ
14815,YBBN,YSCB
14816,KRSW,KPHL
14817,KPDK,GA06
14818,KPHX,KORD
14819,LFPG,LEMG
14820,KTPA,KEWR
14821,YSSY,YBBN
14822,KPIE,KMIA
14823,KPHL,KDFW
14824,KLAX,KDAL
14825,KORD,KDCA
14826,KBOI,KSEA
14827,NZHN,NZAA
14828,NZCH,NZAA
14829,KCNO,KSNA
14830,VOMM,WSSS
14831,KBOS,KJFK
14832,KBED,KLWM
14833,KSJC,KLAS
14834,KSNA,KPOC
14835,KPWK,KTEB
14836,KLAS,KDAL
14837,KLAX,KLAS
14838,KSEE,KMYF
14839,KCLT,KSDF
14840,KPHX,KBUR
14841,EHAM,EDDS
14842,KTEB,KBED
14843,KMKE,KATL
14844,YMML,YSSY
14845,KBFI,26ID
14846,KATL,KFLL
14847,KORD,KSYR
14848,KCLT,KSRQ
14849,KMYF,KSEE
14850,CYYZ,KIAD
14851,KCLW,KSPG
14852,YBBN,YSTW
14853,KDFW,KDTW
14854,NZCH,NZHN
14855,KDEN,KPDX
14856,NZWN,NZPN
14857,KSAT,KATL
14858,KCLT,KROC
14859,KSEA,KMSP
14860,KLAS,KPHX
14861,KORL,KORD
14862,KLNK,KORD
14863,EHAM,LSGG
14864,KBOI,KSEA
14865,YMML,YBBN
14866,KADS,KHOU
14867,KROC,KJFK
14868,PN14,KBTP
14869,KORD,KATW
14870,KHEF,VA71
14871,SBGR,SSJC
14872,KDEN,KISM
14873,CYYJ,CYYC
14874,LFPG,LFRJ
14875,KMKE,KDTW
14876,KPDX,KSMF
14877,KTPA,KLGA
14878,EDDF,EPWA
14879,KDMW,KGAI
14880,KEWR,KFLL
14881,KATL,KPHL
14882,KOAK,KO69
14883,KPHX,KOAK
14884,NZCH,NZRO
14885,LPPD,LPPT
14886,ENZV,ENGM
14887,KBOS,KROC
14888,ENBO,ENVA
14889,MROC,KATL
14890,KPDX,KSEA
14891,KJFK,KMSP
14892,KHOU,KDEN
14893,OMDB,VIDP
14894,CYYZ,KORD
14895,KPDK,KMDQ
14896,KDAL,KSTL
14897,KEWR,KDTW
14898,KHPN,KMMU
14899,KATL,KLGA
14900,LSZH,EKCH
14901,EGAA,EGGW
14902,SBGR,SBBR
14903,KTEB,KOPF
14904,SBSP,SBRJ
14905,ESSA,EKCH
14906,EFOU,EFHK
14907,KLGA,KHPN
14908,KSDF,KBOI
14909,KSNA,KCRQ
14910,KORD,KMSN
14911,KPIE,NC03
14912,EHAM,EBBR
14913,CYOW,CYUL
14914,KFHR,WN51
14915,KSMF,KSEA
14916,KBOS,KIAD
14917,KPDX,KDAL
14918,KROC,KIAD
14919,KOMA,KATL
14920,KPHL,KDAY
14921,KDCA,KMIA
14922,LPPR,EGCC
14923,88PA,KSTL
14924,KLAS,KSNA
14925,LFPG,LFRS
14926,KSDF,KPIE
14927,KATL,KBOS
14928,KEWR,KORD
14929,TJSJ,KMIA
14930,KCLT,KRDU
14931,KDEN,KMDW
14932,KSJC,KSAN
14933,KSMF,KDFW
14934,KMYF,KSBA
14935,KSAN,KSEA
14936,KPAO,KAUN
14937,KSBA,KVNY
14938,KPHL,KORD
14939,EHAM,LIMC
14940,WN51,KBVS
14941,KEWR,KATL
14942,KADS,KRVS
14943,KCOS,KDEN
14944,KGEU,KSDL
14945,FD93,8FL6
14946,KMDW,KSDF
14947,KLAX,KSMF
14948,YSSY,YMML
14949,YMML,YBBN
14950,KRSW,KORD
14951,KCLT,KTOL
14952,KORS,KRNT
14953,LFPG,EDDK
14954,01VA,KJYO
14955,KDEN,KLAX
14956,KRDU,KMCO
14957,EHAM,EIDW
14958,KAPA,KVNY
14959,LEPA,LEMH
14960,KPHL,KROC
14961,KHND,KPSP
14962,35AZ,KTUS
14963,KBOS,KMSP
14964,KLAX,KSJC
14965,VHHH,WSSS
14966,KIWA,KPVU
14967,KPHL,CYUL
14968,KLAS,KSAN
14969,KRDU,KFLL
14970,SBGR,SBVT
14971,EGAA,EGBB
14972,NZAA,YMML
14973,KWHP,KCMA
14974,KPHL,NK01
14975,KHSV,K3A1
14976,KCLT,KPHL
14977,KPHX,KSTL
14978,KAVP,KIAD
14979,KLVK,KCCR
14980,ESSA,ESGG
14981,YBBN,YMHB
14982,KLVK,KHWD
14983,KCGZ,KFFZ
14984,KMDW,KLGA
14985,LFPG,ESSA
14986,CYXX,CYYC
14987,KTPA,KATL
14988,KPHL,KCMH
14989,TBPB,KMIA
14990,PAEN,PANC
14991,KSDF,KSAT
14992,KORD,VA95
14993,KPAE,KAWO
14994,KCEU,SC24
14995,KDFW,KORD
14996,LEMG,EGKR
14997,KRDU,KMIA
14998,KORD,KBNA
14999,KORD,KMCI
15000,EHAM,EGPD
15001,KDAL,KVNY
15002,KWHP,KLGB
15003,KSFO,KSAN
15004,KFMY,KVNC
15005,KFLL,KDTW
15006,ENBR,ENGM
15007,NZWN,NZHN
15008,KCLE,KIAD
15009,KAUS,KABQ
15010,KFRG,KBDR
15011,KPHL,KMSP
15012,KONT,KBFI
15013,80OH,KOSU
15014,EHAM,ELLX
15015,KSMF,KSNA
15016,KHWD,KC83
15017,KSNA,KPDX
15018,UUEE,EDDP
15019,EHAM,EDDF
15020,KCLT,KBKL
15021,KPHL,KISP
15022,KSJC,KSEA
15023,KSAF,KDAL
15024,KCOS,TS53
15025,KBUF,KBWI
15026,KORD,KGRB
15027,KORD,KRDU
15028,KLAX,KPHX
15029,KCLT,KDCA
15030,KOAK,KDAL
15031,KPHX,KATL
15032,KFFZ,KCGZ
15033,KSLC,KLAS
15034,KEWR,KFLL
15035,KRSW,KEWR
15036,KAUS,KSTL
15037,KSAT,KATL
15038,KDEN,KMSP
15039,YMML,YBCG
15040,KLAX,KPSP
15041,LFPG,LFBD
15042,KORD,KBWI
15043,KLGA,KRSW
15044,KEWR,KBNA
15045,KDFW,KPHL
15046,KMDW,KORF
15047,LFBD,LFPG
15048,KIAH,KPHX
15049,KMDT,KCLT
15050,KNUC,KNZY
15051,KSQL,KTCY
15052,EINN,EIDW
15053,KSNA,KAVX
15054,KBOI,KORD
15055,KLAX,KPDX
15056,KSDF,KIAD
15057,SBVT,SBRJ
15058,LFPG,LSZM
15059,KSNA,KAJO
15060,VABB,OTHH
15061,KTUS,KATL
15062,KMYF,04CL
15063,KATL,KMDW
15064,KMIA,KPDK
15065,KRHV,KE16
15066,KBUR,KSFO
15067,EHAM,EGPG
15068,KPHL,KSYR
15069,KPHX,KTUL
15070,LSGG,EDDP
15071,KSRQ,KATL
15072,NZAA,NZCH
15073,KIAH,KSAN
15074,KBNA,KSTL
15075,KLAS,KVNY
15076,KAUS,KATL
15077,KMDT,KCLT
15078,LDZA,EDDK
15079,KSDF,KEWR
15080,KVIS,KVNY
15081,KATL,KBNA
15082,KSRQ,KFXE
15083,KORD,56WI
15084,KSEA,KSMF
15085,YWLM,YBBN
15086,KBOS,KBWI
15087,EGLL,EIDW
15088,KORF,KDFW
15089,NZAA,NZGB
15090,KDTW,KEWR
15091,KPHX,KLAX
15092,KLGA,KDTW
15093,KTPA,KJFK
15094,KATL,KSAT
15095,KDFW,KMSP
15096,KU77,KPVU
15097,KFLL,KDAL
15098,KSEA,KPSP
15099,KEWR,KIAD
15100,KMCI,KATL
15101,KDCA,KDFW
15102,KRSW,KATL
15103,EPWA,EDDK
15104,KPAN,KPHX
15105,KOMA,KMSP
15106,CYYC,CYYZ
15107,EHAM,EGPH
15108,EIDW,EGSS
15109,KCMH,KATL
15110,KDTW,KDFW
15111,KDFW,KATL
15112,49OH,KATL
15113,KPHL,KBNA
15114,KMIA,FD37
15115,LFPG,EKCH
15116,VHHH,RCTP
15117,KSNA,KSBA
15118,EGSS,LEMD
15119,KNKL,24FL
15120,KDCA,KHPN
15121,KATL,KMDT
15122,KPDX,KLAS
15123,SKBO,KFLL
15124,KSYR,KIAD
15125,EGCC,EGAC
15126,KDFW,KORD
15127,LSZH,LSGG
15128,KPSP,KPDX
15129,KLHM,KAUN
15130,KIAH,KPHX
15131,KPAO,KHAF
15132,KLAX,KLAS
15133,KSDF,KPHX
15134,ESGG,EKCH
15135,KMHR,CL36
15136,KCLT,KORF
15137,KSMF,KSEA
15138,KAUS,KSLC
15139,KHPN,KDXR
15140,KCNO,KLGB
15141,ESSA,LFPG
15142,KFFZ,55AZ
15143,KPHL,KATL
15144,KMKE,KDFW
15145,KDTW,KCLT
15146,YBBN,YMML
15147,KPIT,KATL
15148,KATL,KORF
15149,KPHX,KOMA
15150,LPPT,LPPD
15151,CYVR,KPSP
15152,KATL,KMSP
15153,KROC,KBWI
15154,SBRJ,SBBR
15155,KDAL,KHOU
15156,VHHH,RCTP
15157,KPHL,KMDT
15158,KMDW,KSTL
15159,KLAX,KDFW
15160,KTTD,OR40
15161,KRSW,KMKE
15162,KAVX,KAJO
15163,YMML,YBCG
15164,KLAS,KVUO
15165,KSEA,KOAK
15166,KATL,NC16
15167,KCPS,7IS2
15168,LTBA,LIMC
15169,ESSA,EDDP
15170,KTOA,KCNO
15171,KSTL,KATL
15172,KPHX,KLAS
15173,K3CK,6IL2
15174,KFLL,KATL
15175,KLEB,KHPN
15176,YBBN,YMML
15177,KORD,KMKE
15178,MI45,KPTK
15179,SBVT,SBJD
15180,KMKC,K1H0
15181,KSDF,KMIA
15182,BIKF,EBLG
15183,KTUS,KLAX
15184,KAUS,KJFK
15185,KEWR,KMCO
15186,KPHL,KCLT
15187,KSEA,KPDX
15188,EPWA,ESGG
15189,KTCY,KLVK
15190,LFST,LFML
15191,KSDL,KVNY
15192,KSQL,CA66
15193,KPDK,KMAC
15194,KPHL,PS06
15195,NC56,KRDU
15196,KJNX,KRDU
15197,KJFK,KMCO
15198,KORD,KLGA
15199,KDCA,KDAY
15200,7OR7,KTTD
15201,KATL,KJFK
15202,EGSS,EGAA
15203,KORD,KDFW
15204,KPHX,KATL
15205,KSUS,KFAM
15206,KOXR,KSBP
15207,KSDF,KDFW
15208,KABQ,KLAX
15209,KRDU,KATL
15210,KRSW,KDFW
15211,KORD,KISM
15212,KSRQ,KFXE
15213,KFAT,KSEA
15214,LFST,LFBO
15215,YSSY,YPAD
15216,KTTD,OR40
15217,KORD,KEWR
15218,KLGA,KFLL
15219,KORD,KSTL
15220,CYYC,CYXX
15221,ENVA,ENGM
15222,EHAM,EPWA
15223,KSTL,KSLC
15224,KATL,KBWI
15225,KSEA,KGEG
15226,KSDF,KDEN
15227,KATL,KSDF
15228,EGNX,EDDK
15229,KOAK,KLAS
15230,3TE3,KADS
15231,KIWA,KP08
15232,KECP,KBNA
15233,KDCA,KBOS
15234,KABQ,KAPA
15235,KPHL,KBOS
15236,KORD,CYUL
15237,KRDU,KDFW
15238,KTPA,KJFK
15239,LEMG,LEMD
15240,KTOA,KAJO
15241,EDDF,EBBR
15242,KDEN,KDFW
15243,KHWD,KVCB
15244,KPDX,KOAK
15245,KPIE,KAPF
15246,KPHL,KDTW
15247,KATL,KEWR
15248,KORD,OI45
15249,KDEN,KDTW
15250,KHOU,KBWI
15251,KPSP,KSFO
15252,CYTZ,CNY4
15253,KJFK,KMIA
15254,KPHL,KSRQ
15255,KCLT,KSYR
15256,KONT,KPHX
15257,YSCB,YBBN
15258,EGPH,EGNX
15259,KLNS,KGAI
15260,KOMA,KLAS
15261,KDFW,KMSP
15262,KIND,KATL
15263,KOXR,KSBP
15264,KMDW,KHOU
15265,KTUL,KLAS
15266,KRFD,KPHX
15267,KVNY,KSBA
15268,KLAS,KBFI
15269,LTFJ,EBLG
15270,KISP,KPHL
15271,CYYC,CYVR
15272,KBNA,KSRQ
15273,LHBP,EDDP
15274,KHEF,VA87
15275,KLGB,KSBA
15276,KSDF,KATL
15277,VOBL,VOMM
15278,KORD,KATL
15279,KCLT,KCMH
15280,KFLL,KHPN
15281,SBKP,SSJC
15282,KFOK,KHPN
15283,KEWR,VT14
15284,KORL,KDFW
15285,KPHL,KXSA
15286,EHAM,EGCC
15287,NZWN,NZCH
15288,LSZH,LPPR
15289,KMIA,KATL
15290,SBCO,SBGR
15291,VOMM,VOBL
15292,KLAS,KSNA
15293,KSDL,KCRQ
15294,KHOU,KDAL
15295,EIDW,EGNX
15296,KPDX,KRIR
15297,EFHK,ESMS
15298,EDDF,EDDM
15299,KCOS,KDEN
15300,KHOU,KDAL
15301,8PN9,KW05
15302,UUEE,ULMM
15303,KFDK,KDMW
15304,KDFW,KBNA
15305,EDDF,EDDV
15306,YMEN,YPAD
15307,KCMH,KCLT
15308,KCLT,KIAD
15309,KATL,KDAY
15310,KMIA,KDFW
15311,PA22,KPJC
15312,88PA,KDFW
15313,KORD,KLGA
15314,YBCG,YRED
15315,KORF,KIAD
15316,EGAA,EGNX
15317,YMML,YPAD
15318,LIME,EDDK
15319,KDTW,KPHL
15320,KLAS,KPDX
15321,KSNA,KF70
15322,KISP,KBWI
15323,KDEN,KSAN
15324,KTUL,KPHX
15325,KRNT,02WA
15326,KORD,KMIA
15327,KLHM,KDLO
15328,KPAE,KBFI
15329,KTYS,KDFW
15330,KDCA,KORD
15331,KRVS,KGCM
15332,KDVT,AZ05
15333,KFFZ,55AZ
15334,KPHL,KMCO
15335,KMIA,KORD
15336,KORD,KBOS
15337,KSDF,KABQ
15338,KJFK,KRDU
15339,KL70,KCMA
15340,UMMS,UKKK
15341,KCLT,KBOS
15342,KBWI,KCLT
15343,KWVI,KE16
15344,KDFW,KSDF
15345,06VA,KSHD
15346,SBBR,SBSP
15347,LFPG,LFBO
15348,KSMF,KLGB
15349,KTUS,AZ19
15350,EGLL,EGPD
15351,KCKB,KIAD
15352,KSTL,KLGA
15353,KORD,KIAD
15354,EDDF,EDDH
15355,LSGG,LPPR
15356,KAVQ,KCHD
15357,KFFZ,KAVQ
15358,KDEN,KLAS
15359,KORL,KBNA
15360,KSRQ,KLGA
15361,KATL,KDTW
15362,EHAM,EGNT
15363,LFPG,EGLL
15364,KORD,KISM
15365,CYXU,CYYZ
15366,EDDF,LOWW
15367,KSLK,KBOS
15368,KDFW,KORD
15369,KFTG,KAPA
15370,KSYR,KTEB
15371,KATL,KOMA
15372,KFLL,KEWR
15373,LFPG,EGSS
15374,KLGA,CYUL
15375,KBOI,KOAK
15376,KORF,KMIA
15377,KMDW,KDTW
15378,KMYF,KSEE
15379,YPAD,YMML
15380,KSEA,KGEG
15381,KCMA,KPOC
15382,KORD,KDTW
15383,KHYA,KBOS
15384,EGPH,EGNX
15385,KSBA,KCMA
15386,EHAM,EDDP
15387,KSRQ,KORD
15388,NZGB,NZAA
15389,KSTL,KBNA
15390,YMML,YBBN
15391,KBED,KPYM
15392,KBWI,KFLL
15393,LTFJ,LLBG
15394,KMVY,KBOS
15395,KLAX,35OR
15396,YSSY,YSCB
15397,KCMA,KSMO
15398,KSEA,KGEG
15399,KATL,KPHL
15400,KORD,KDAY
15401,KDFW,KTYS
15402,EBMB,EGLL
15403,KORD,KATL
15404,KSDF,KDFW
15405,KEWR,KPHL
15406,LFBD,LEMD
15407,KDFW,KTUS
15408,KECP,KPDK
15409,PANC,KSEA
15410,CYPK,CZBB
15411,VIDP,VABB
15412,YMEN,YBSS
15413,KRSW,KMKE
15414,PAMR,PABG
15415,KJFK,KATL
15416,KDEN,KATL
15417,LFBO,EBMB
15418,KPHX,KDAL
15419,CYVR,CYYC
15420,KYKM,KSEA
15421,KSNS,KRHV
15422,55PA,KXLL
15423,KSMF,KSAN
15424,KDFW,KDTW
15425,YBCG,YRED
15426,KORD,KORF
15427,KORD,KOMA
15428,KSTL,KSLC
15429,KIAH,KLAS
15430,SBGL,SBGR
15431,YSCB,YSSY
15432,LEMG,EGSS
15433,KISP,KCDW
15434,KDFW,KSAT
15435,KJNX,KRDU
15436,KPUJ,KRYY
15437,KBFI,61WA
15438,KDEN,KPUB
15439,KDEN,KPSP
15440,KATL,KBKL
15441,KORD,KPIT
15442,KDFW,KM99
15443,KMIA,KLGA
15444,KRDU,KATL
15445,LPPT,EGSS
15446,KSAF,KVNY
15447,KCLE,KBNA
15448,YSSY,YSTW
15449,KORD,KFLL
15450,9NC9,KDFW
15451,KSTL,KBNA
15452,KIAH,KLAS
15453,KIWA,KA39
15454,KPTK,KD95
15455,KSDL,KAPA
15456,KFLL,KJFK
15457,KDEN,KSTL
15458,KATL,KCMH
15459,KC83,KLVK
15460,KTYS,KATL
15461,KSJC,KSLC
15462,KLGA,KATL
15463,KHAF,KRHV
15464,KDEN,KSAT
15465,LIRA,EDDP
15466,WMKK,WBKK
15467,KSAT,KBWI
15468,ULLI,UUEE
15469,KLZU,KWDR
15470,KSFO,KPDX
15471,KORD,KSLC
15472,KPIT,KIAD
15473,KBWI,KOQU
15474,49NY,KFRG
15475,KFLL,KBOS
15476,KDTW,KRDU
15477,EDDP,EGNX
15478,KHEF,VA71
15479,KSCK,KOAK
15480,KRSW,KORD
15481,KSTL,KCLT
15482,KARB,KYIP
15483,KHPN,KSRQ
15484,KPDX,KLAX
15485,LOWL,EDDP
15486,WT77,KPWT
15487,KDFW,KMIA
15488,KORD,KMSP
15489,KMIA,KBNA
15490,KONT,KDFW
15491,KAVX,KTOA
15492,KOSU,KUYF
15493,KPSP,KPHX
15494,KJFK,KFLL
15495,KDTW,KBNA
15496,KLGB,KSMF
15497,KDFW,KTUL
15498,KDFW,KLAS
15499,KATL,KHSV
15500,KIAD,KATL
15501,KLGA,KORD
15502,KSEA,KBOI
15503,KDEN,KORD
15504,KHOU,KDFW
15505,KORD,KBKL
15506,KRHV,KE16
15507,KORD,KRSW
15508,LPPR,LPPT
15509,KBUR,KLAS
15510,CYYZ,CYUL
15511,KDFW,KLAX
15512,KBLI,KLAS
15513,KPHX,CYYC
15514,LFBD,LSGG
15515,KFAT,KSLC
15516,KMKE,KDFW
15517,YSSY,YBTH
15518,KLAS,KTUL
15519,KDFW,KSLC
15520,KLAX,KSFO
15521,K3CK,LL10
15522,KSAN,KPHX
15523,KSJC,KSAN
15524,KLGB,KSLC
15525,KCMH,KIAD
15526,KBMI,KORD
15527,KPDX,KSLC
15528,KSRQ,KEWR
15529,KPLD,K1G0
15530,KSMF,KLAS
15531,KBED,KPYM
15532,NZAA,NZGB
15533,EDDF,UUDD
15534,KOAK,KO69
15535,LIME,EPMO
15536,KLAS,KSFO
15537,KORD,KCMH
15538,KIND,KDEN
15539,KDFW,KMSN
15540,KEWR,7PS7
15541,KORD,KRAC
15542,KLGA,KRSW
15543,KSDF,KEWR
15544,LPPR,EDDK
15545,KDFW,KRSW
15546,KDTW,KEWR
15547,YBBN,YMML
15548,SBRJ,SBBR
15549,LFST,LFBD
15550,KSAN,KSFO
15551,KDEN,KORD
15552,KPTK,KFNT
15553,KORD,7MI2
15554,KLAX,KLAS
15555,KEWR,CYUL
15556,CYYZ,CYOW
15557,KADS,3TE3
15558,KBNA,KATL
15559,KDFW,KPHL
15560,LROP,EBLG
15561,KABE,KPHL
15562,KFLL,KBWI
15563,KMYV,KMCC
15564,KBUR,KLGB
15565,KRHV,KHAF
15566,KLAS,KSJC
15567,KDEN,KLAS
15568,KLAX,KLAS
15569,KONT,KPDX
15570,KDEN,KMSP
15571,LIRF,LIML
15572,KORD,KPHL
15573,KDTW,KBTL
15574,LEMD,EDDP
15575,KATL,NC03
15576,KBNA,KDEN
15577,KAJO,KF70
15578,EPWA,EDDP
15579,KJFK,KFLL
15580,KSDL,KHWD
15581,KDEN,KSFO
15582,KDTW,KPHL
15583,CYUL,CYYZ
15584,KLGB,KCRQ
15585,KAUS,KATL
15586,55AZ,KFFZ
15587,KOAK,KSNA
15588,KRBD,28XS
15589,KADS,27XA
15590,KORD,KLNK
15591,KDFW,KHSV
15592,KNZY,KNUC
15593,KDTW,KSTL
15594,KMIA,KJFK
15595,KBNA,KMDW
15596,KPHX,KABQ
15597,KATL,KSDF
15598,KDEN,KLAS
15599,KSEE,KMYF
15600,KJFK,KMIA
15601,KDFW,KLGA
15602,ENGM,ENZV
15603,CYVR,CYXE
15604,KSNA,KSJC
15605,KVGT,K61B
15606,SBSP,SSJC
15607,KDTW,KJFK
15608,KBOS,KRDU
15609,OERK,OEDF
15610,KDEN,KTYS
15611,KSGF,KORD
15612,KBWI,KBNA
15613,KATL,KFLL
15614,KDEN,KSNS
15615,KDFW,KRIR
15616,KBFI,WA22
15617,KSFO,KFAT
15618,KMIA,KLGA
15619,NZCH,NZPM
15620,KDEN,KCMH
15621,KTUL,KDFW
15622,KCMA,KFUL
15623,KMDW,KFLL
15624,KABQ,KHOU
15625,KDTW,KMDW
15626,LIBD,EGSS
15627,KLGA,KMCO
15628,KLAX,KLAS
15629,KDTW,KROC
15630,KIND,KLGA
15631,KDFW,KATL
15632,KHAF,KSQL
15633,NZAA,NZCH
15634,EGLL,EGPH
15635,SBSP,SBBR
15636,KDTW,KMDT
15637,EGAA,EGCC
15638,KMIA,KDCA
15639,KAVX,KCRQ
15640,KATL,KHOU
15641,KRSW,7PS7
15642,YPAD,YMML
15643,KSJC,KSBD
15644,KCEU,SC24
15645,KDFW,TS53
15646,KDFW,KCMH
15647,KSMF,KSEA
15648,CYQG,CYYZ
15649,K61B,K1G4
15650,KORL,KJFK
15651,KDTW,KGRB
15652,K61B,KU30
15653,NZWN,NZRI
15654,KCMI,KDFW
15655,SBGL,SBGR
15656,KSNA,KDFW
15657,KJYO,01VA
15658,KDEN,KCOS
15659,KSDL,KCGZ
15660,KDEN,KSLC
15661,EGLL,EGPG
15662,KOXR,KVNY
15663,KORD,KLGA
15664,KBUF,KEWR
15665,KDTW,KBNA
15666,KHWD,KPAO
15667,KDFW,KBWI
15668,KLGA,KDCA
15669,KCMH,KLGA
15670,KSNA,KAJO
15671,KPDX,KTUS
15672,CYYZ,CYUL
15673,LEBL,LEMG
15674,KMYF,37CA
15675,KDEN,KSEA
15676,KROC,KEWR
15677,KBWI,KLNS
15678,KDCA,KCLT
15679,KPAO,KHAF
15680,KLAX,KDFW
15681,YMEN,YBNS
15682,KOJC,KMKC
15683,KORD,KPSB
15684,4GA9,KPDK
15685,KSDL,KLAS
15686,EDDS,EDDP
15687,KBWI,KCGS
15688,KRDU,8FA4
15689,KLAX,KSEA
15690,KDFW,KBKL
15691,KSNA,KOAK
15692,KPSP,KSLC
15693,KECP,KHSV
15694,KSFO,KSMF
15695,VIDP,VOMM
15696,KPDX,35OR
15697,VABB,OMAA
15698,KDTW,KLGA
15699,KBNA,KMCI
15700,KBUR,KPDX
15701,KATL,KSRQ
15702,KIAD,KSDF
15703,KDUJ,KBWI
15704,KDEN,KHHR
15705,KABQ,KATL
15706,KCOS,KDEN
15707,KE16,KRHV
15708,KFUL,KPOC
15709,KSGF,KDFW
15710,LIPE,EDDK
15711,GA53,K9A1
15712,KATL,KBKL
15713,KTUS,KRYN
15714,KOSU,KI23
15715,EGSS,EGAA
15716,KDFW,KHOU
15717,KORL,KPHL
15718,LIPO,EDDP
15719,KMYF,KRNM
15720,KSFO,KRIR
15721,YSCB,YSBK
15722,KPIT,KLGA
15723,KPRB,KSNS
15724,KDAL,KHOU
15725,KLAX,KHOU
15726,KMIA,KPHL
15727,KDFW,KSAF
15728,KDEN,KDAL
15729,EKBI,ESMS
15730,KHOU,KDAL
15731,KSEA,KPHX
15732,KMKE,KBNA
15733,KDEN,KSMF
15734,KDTW,KATL
15735,KBNA,KCLT
15736,KOAK,K7S9
15737,KDAL,KATL
15738,KHOU,KSAT
15739,KDFW,KFLL
15740,KBOI,KSMF
15741,ELLX,LPPR
15742,KBWI,KATL
15743,YMML,YBBN
15744,KSFO,KLAX
15745,KRYY,KCZL
15746,KPDX,KSEA
15747,KDEN,KMCI
15748,KTEB,KOPF
15749,NZWN,NZCH
15750,KONT,KLAS
15751,LFRS,EDDP
15752,KDEN,KPHX
15753,KSLC,KLAS
15754,KEWR,KIAD
15755,KAPA,KADS
15756,KDTW,KSDF
15757,SBGL,SBGR
15758,KBWI,KISP
15759,KCNO,KAJO
15760,KCMA,KSMO
15761,YMML,YPAD
15762,YPAD,YMML
15763,LEAL,EGCC
15764,KPIE,7PS7
15765,KDEN,KSLC
15766,SKBO,SPOL
15767,KPGD,KTOL
15768,CYYZ,CYOW
15769,KDTW,KBUF
15770,KOSU,KCGF
15771,KHOU,KABQ
15772,KDEN,KOMA
15773,KSFO,KPHX
15774,KDFW,KDCA
15775,KPVU,KU77
15776,YMML,YMHB
15777,KDTW,KPIT
15778,EDDF,EDDP
15779,KLAN,KDTW
15780,KOAK,KRIR
15781,KFUL,KAJO
15782,KORD,KDFW
15783,KPDX,KSEA
15784,KCMA,KWHP
15785,55AZ,KFFZ
15786,KDAL,KTUL
15787,TJIG,KFLL
15788,KORL,KPHL
15789,YSWG,YSSY
15790,KDFW,KPHL
15791,YMML,YPAD
15792,4GA9,KGVL
15793,KMYF,KSEE
15794,KDTW,KSYR
15795,KLAS,KLAX
15796,KSNS,3CA9
15797,KUYF,KOSU
15798,KMKE,KMSP
15799,NZWN,NZCH
15800,KORD,KFLL
15801,KDTW,KMKE
15802,LEPA,LEMD
15803,KSFO,KSNA
15804,YMML,YSCB
15805,KDFW,KOMA
15806,KATL,KSTL
15807,KDFW,KABQ
15808,KAUS,KDFW
15809,KSDF,KPHL
15810,KCLT,KDFW
15811,LFML,EDDK
15812,KDTW,KCMH
15813,KORL,KLGA
15814,KLEB,KBOS
15815,4NJ8,KMMU
15816,EVRA,EETN
15817,KJFK,KHPN
15818,ZGSZ,RCTP
15819,KFFZ,KE63
15820,KSAT,KATL
15821,KLAS,TS53
15822,SBRJ,SBSP
15823,KFAT,KSAN
15824,NZPM,NZCH
15825,KSFO,KPSP
15826,KOAK,KPHX
15827,KEWR,KBWI
15828,KSDF,KBOS
15829,EFHK,EDDP
15830,NZCH,NZWN
15831,LFOB,LPPR
15832,KMMU,NK07
15833,KIAD,KEWR
15834,KBFI,KPWT
15835,KBOI,KSFO
15836,KLAS,KBUR
15837,KIND,KBOS
15838,LEMD,EDDP
15839,KCLT,KPHL
15840,KJNX,KRDU
15841,KCLT,KORD
15842,KAWO,KPAE
15843,KOAK,KLAS
15844,KDEN,KSEA
15845,KSAN,KSJC
15846,KLAS,XS89
15847,KCGZ,KFFZ
15848,KAUS,KATL
15849,YSWG,YSSY
15850,KTOA,KSNA
15851,KDCA,KDTW
15852,KDFW,KMCI
15853,KCMH,KBNA
15854,KCRQ,KSNA
15855,K1G4,KLAS
15856,KE63,KFFZ
15857,KPAO,KFCH
15858,YCBG,YMML
15859,KSEA,KLAS
15860,KRSW,KATL
15861,KBVI,32PN
15862,KONT,KDEN
15863,KDEN,KHOU
15864,KATL,KTYS
15865,6NY1,KDTW
15866,CYOW,CYYZ
15867,KCGZ,KFFZ
15868,KC83,KOAK
15869,KCHD,KFFZ
15870,KMSP,KMDW
15871,KMDW,KMCI
15872,KSAT,KDFW
15873,YBBN,YSSY
15874,KATL,KDAL
15875,KDFW,KPHX
15876,KLAS,KSMF
15877,KPDX,KSFO
15878,KCLT,KRDU
15879,KORD,KDCA
15880,KSDF,KSAT
15881,KLAX,KABQ
15882,KTPA,KBOS
15883,KATL,KBNA
15884,KSMF,KSLC
15885,LTAC,UKBB
15886,YSCB,YMML
15887,KFLL,KEWR
15888,CYVR,CYYJ
15889,KCRP,KHOU
15890,KSNA,KSJC
15891,KRSW,KFLL
15892,KDAL,KBWI
15893,KMCI,KBWI
15894,KBVI,KPJC
15895,KFRG,KTEB
15896,KDTW,KBWI
15897,KLGA,KMIA
15898,KATL,KDAL
15899,SBGR,SBRJ
15900,LSZM,EDDP
15901,KLAS,KSFO
15902,KFUL,KL70
15903,KTEB,36NC
15904,KSTL,KDFW
15905,KSJC,KPHX
15906,EDDF,LFPG
15907,KE16,KRHV
15908,YSBK,YSWG
15909,KDEN,KTEX
15910,KDFW,KSTL
15911,KBOS,KEWR
15912,KFTW,KFXE
15913,KPDX,KSFO
15914,K1G4,KLAS
15915,KRDU,KCLT
15916,KRYY,8GA7
15917,CYUL,KDTW
15918,KSTL,KRSW
15919,KEWR,KFLL
15920,KPHX,KSAN
15921,KRDU,KTDF
15922,KFLL,KEWR
15923,PAEN,PANC
15924,KLAS,KSFO
15925,KOAK,KSNA
15926,ESSA,EDDK
15927,KCLT,KORF
15928,KONT,KMHR
15929,KDFW,1MU0
15930,EDDK,EGNX
15931,LEBL,EDDK
15932,KPAE,KPWT
15933,KPAE,KPWT
15934,KCCR,KHAF
15935,KFLL,KATL
15936,KOMA,KATL
15937,TJSJ,KMIA
15938,KPHX,KSMF
15939,LFBO,LFPG
15940,KORF,KDTW
15941,LFPG,EDDK
15942,CYVR,CYYC
15943,EGNT,LFPG
15944,KATL,KRSW
15945,KSFO,KSAN
15946,KLAS,KPHX
15947,KRDU,KBNA
15948,KCLE,KBOS
15949,KFHR,KBFI
15950,KO69,KOAK
15951,KCMA,KTOA
15952,KSAT,KDTW
15953,KPHX,KSJC
15954,KSJC,KSNA
15955,KTPA,KPNS
15956,KDAY,KDTW
15957,KLAX,KSAT
15958,KHAF,KPAO
15959,KLAS,KOAK
15960,KMGY,43OA
15961,KRHV,KSNS
15962,KPDK,0GA4
15963,CYVR,CYCD
15964,KMCI,KMDW
15965,WA49,KSEA
15966,K61B,K1G4
15967,KPRB,33CL
15968,KABE,KDTW
15969,03PS,KDTW
15970,KATL,KMIA
15971,EKBI,EDDP
15972,KCGE,KFME
15973,KSRQ,KFXE
15974,KLAS,KDAL
15975,KPOC,KEMT
15976,SPJC,SPST
15977,CYVR,KSEA
15978,9OI5,KOSU
15979,LIMC,EDDP
15980,KHAF,KRHV
15981,KSDF,KISM
15982,NZWN,NZPN
15983,KMSP,KORD
15984,KATL,KISM
15985,KCCB,KPOC
15986,KSDF,KDFW
15987,KFLL,KDCA
15988,SBKP,SBBR
15989,KCRQ,KRNM
15990,KDEN,KLAS
15991,KCLT,KBOS
15992,EGNX,EDDP
15993,KSTL,KBWI
15994,KBVS,WN51
15995,KPDX,KPHX
15996,EDDF,EDDP
15997,96WA,15WA
15998,KBOS,KCLT
15999,37AZ,KIWA
16000,YBBN,YMML
16001,CYVR,CYCD
16002,KMSP,KBNA
16003,PN14,KBTP
16004,TBPB,TVSM
16005,KDEN,KSMF
16006,KGPI,KSEA
16007,CYCD,CYYC
16008,KATL,KBKL
16009,KWVI,KPAO
16010,KCCR,KUDD
16011,KAPF,03FA
16012,LOWW,LFPG
16013,KLDJ,KEWR
16014,KRSW,KATL
16015,KSRQ,KMKY
16016,KSAT,17TE
16017,KDEN,KPHX
16018,KABQ,KSAF
16019,KSMF,KLAX
16020,LSZM,EDDK
16021,KCCR,KSTS
16022,SBBR,SBRJ
16023,KORF,KATL
16024,KPOC,KEMT
16025,EHAM,LFPG
16026,EPKT,EDDP
16027,KSEE,KRNM
16028,LIRA,EBLG
16029,EDDM,EDDP
16030,KSBA,KVNY
16031,KTOA,KSNA
16032,LOWW,EDDK
16033,KLAX,KS03
16034,KCLT,KDAY
16035,KRDG,KLNS
16036,ULLI,UUMO
16037,KATL,KLGA
16038,KFFZ,KA39
16039,WA49,KSEA
16040,KSNA,KLAS
16041,TLPC,TBPB
16042,LIME,EDDP
16043,SBGL,SBGR
16044,KDFW,KRDU
16045,SBGR,SBRJ
16046,MI45,KPTK
16047,PN14,KBTP
16048,KSDF,KMCI
16049,KAPF,FL57
16050,KPSP,KPHX
16051,KBMI,KATL
16052,KSRQ,KBNA
16053,SBKP,SSJC
16054,KSNA,KTOA
16055,KTYS,KDTW
16056,KPVD,KDCA
16057,KIAD,KDTW
16058,KBFI,KPAE
16059,KSEA,KPHX
16060,KADS,6TA7
16061,KAUS,KDAL
16062,KCLT,KCMH
16063,KSFO,KSLC
16064,KSLC,KSFO
16065,KHWD,CA35
16066,NZAA,NZNV
16067,KMIA,KBWI
16068,YBBN,YMML
16069,KO52,KSAC
16070,KCNO,KTOA
16071,KBOS,KATL
16072,KSDF,KJFK
16073,KPHX,KDFW
16074,FL17,K54J
16075,9NC9,KCLT
16076,KDFW,KABQ
16077,KCLT,4VA1
16078,KBUR,KSLC
16079,KATL,KORF
16080,RJBB,RJTT
16081,KORL,KJFK
16082,KPHX,KABQ
16083,LFML,LFPG
16084,KSDM,KSNA
16085,KCRQ,KOKB
16086,SPST,SPOL
16087,KORL,KBNA
16088,KLAS,KSLC
16089,KAUS,KADS
16090,KRVS,40OK
16091,LEMD,EDDK
16092,CYYZ,KDTW
16093,KSDF,KMDW
16094,K52F,KFTW
16095,KSFO,KLAS
16096,KAVQ,KFFZ
16097,KAUS,FD83
16098,KSNA,KTOA
16099,KOAK,KSLC
16100,VABB,VIDP
16101,KRYY,8GA7
16102,KO69,KOAK
16103,KPHX,KSNA
16104,LFML,LFPG
16105,WA04,96WA
16106,KDEN,KABQ
16107,KATL,KIAD
16108,KSFO,KPHX
16109,KSEA,KSNA
16110,WSSS,WBSB
16111,CYOW,CYUL
16112,KE60,KSDL
16113,KOAK,KSEA
16114,KCOS,KORD
16115,KLAS,KPDX
16116,KMSP,KATL
16117,KIAD,KATL
16118,CYVR,CYYJ
16119,KRVS,19OK
16120,ESSA,EBLG
16121,KSRQ,KATL
16122,KPHX,KSLC
16123,KGCM,KRVS
16124,SBGL,SBGR
16125,KSDL,KABQ
16126,KONT,KSLC
16127,NZAA,NZPM
16128,NZWU,NZWN
16129,KDTW,KMSP
16130,RJBB,RJTT
16131,KGRR,KATL
16132,YSCH,YSSY
16133,SBGR,SBGL
16134,KPHX,KSBP
16135,YSWG,YNAR
16136,KSMF,KBOI
16137,KMSP,KORD
16138,EDDK,LHBP
16139,EKCH,LFPG
16140,48CN,KLVK
16141,KDEN,KSAT
16142,KCRP,KDFW
16143,KDTW,KMSN
16144,KJYO,3VA7
16145,KPUJ,KRYY
16146,KSNA,KMYF
16147,KSRQ,KOPF
16148,KMYF,KSBA
16149,KPAN,KSDL
16150,KOAK,K7S9
16151,EDDM,LFPG
16152,KCLT,KMDT
16153,SBGL,SBGR
16154,KATL,KORD
16155,LFML,EDDP
16156,KLAX,KBOI
16157,ENBR,ENZV
16158,KSLC,KVNY
16159,KBNA,KHOU
16160,SBGR,SBVT
16161,LIPZ,EDDP
16162,KTPA,KDCA
16163,LEBL,LFPG
16164,KPHX,9CA0
16165,KSEA,MT54
16166,EDDN,EBLG
16167,EGPH,EGSS
16168,KCLT,NC03
16169,WMKK,WBKK
16170,38WA,KPAE
16171,KCEU,SC24
16172,KCLT,KTYS
16173,KLGA,01FA
16174,CYUL,CYBG
16175,KLAS,KBOI
16176,KF70,KCRQ
16177,KDEN,KBNA
16178,KSNA,KSJC
16179,KPHX,KSBA
16180,KPDX,KLAS
16181,LEPA,LEMD
16182,LIPZ,EDDK
16183,KRHV,KHAF
16184,KPHL,KFLL
16185,SBGR,SSJC
16186,KATL,KPLR
16187,KMIA,KATL
16188,KSTS,KSAN
16189,KCLT,KPLR
16190,EKCH,ENGM
16191,KMSP,KCMH
16192,KDFW,KVPS
16193,KMDW,KMSP
16194,KIND,KATL
16195,KBED,KTEB
16196,KIAD,KTEB
16197,KPHX,KHHR
16198,KSAN,KSMF
16199,KDEN,KMCI
16200,KSTL,KRSW
16201,KBWI,KMTN
16202,KSDF,KTYS
16203,KDAL,FD83
16204,LIPE,EDDP
16205,KBOS,KRDU
16206,KRNM,KCRQ
16207,KSEA,KSAN
16208,KOAK,KPDX
16209,KSDL,KLAS
16210,KABQ,KPHX
16211,KPHX,KBUR
16212,KCLT,KBWI
16213,LZIB,EDDP
16214,KOPF,KVNC
16215,KMDQ,KPDK
16216,KBNA,KBWI
16217,EDDM,EDDK
16218,EKCH,EGSS
16219,KLAX,KSFO
16220,KSLC,KVNY
16221,KPHX,KLAS
16222,KCLT,17NC
16223,KCLT,KATL
16224,YBBN,YSCH
16225,CYVR,CYYC
16226,KBNA,KDTW
16227,KSDF,KOMA
16228,KDEN,KLAX
16229,KLAS,KSJC
16230,LEMD,LFPG
16231,KTEB,KHPN
16232,KAUN,KTVL
16233,KDTW,KATL
16234,EIDW,EDDK
16235,NZCH,NZOI
16236,KLGB,KWHP
16237,KOAK,KLGB
16238,KSTL,KCMH
16239,LKPR,EDDK
16240,KBVS,WN51
16241,KEWR,KBOS
16242,KSBP,KRIR
16243,LIPO,EDDP
16244,YSSY,YKEL
16245,EDDB,EDDK
16246,KCLT,KRSW
16247,CN38,KSAC
16248,KCHD,KSDL
16249,LEBL,EBLG
16250,KBWI,K2W6
16251,KBOS,KMVY
16252,KSRQ,KMIA
16253,KRDU,KJFK
16254,KDCA,KSTL
16255,NZNV,NZCH
16256,KFLL,KATL
16257,KRHV,KE16
16258,KPHL,KATL
16259,KECP,KATL
16260,KMSS,KBOS
16261,KDVO,KCCR
16262,KPHX,KTUS
16263,KCLT,KBNA
16264,KPIA,KDFW
16265,KPAO,KO69
16266,KSDF,KDFW
16267,KDFW,KDTW
16268,KMYF,37CA
16269,KSNA,KSLC
16270,KD95,KPTK
16271,KCLT,KDTW
16272,77PA,KIDI
16273,KPAO,KSTS
16274,KPRC,KDVT
16275,EKCH,EGSS
16276,KDEN,KBOI
16277,4NC7,KRDU
16278,CYVR,KSFO
16279,WA04,KPAE
16280,KSDL,KABQ
16281,KC83,KPAO
16282,SBSP,SBBR
16283,KATL,KBWI
16284,KHPN,KCLT
16285,KCLT,9NR8
16286,ESGG,EBLG
16287,KIWA,KP08
16288,KNUC,KNZY
16289,KOAK,KPDX
16290,KCLT,KSTL
16291,KPAO,KSTS
16292,KDCA,KATL
16293,KCOS,TS53
16294,YMMB,YBUP
16295,EGGW,EPGD
16296,KGRB,KATL
16297,NZKF,NZWP
16298,KSEA,KSJC
16299,KVNY,KCNO
16300,KPHX,KSFO
16301,NZHN,NZWN
16302,KBWI,KDTW
16303,LSZM,EDDP
16304,KMSP,KSTL
16305,CYVR,KBFI
16306,EDDP,LFPG
16307,EKCH,EDDP
16308,KBNA,KSTL
16309,KCLT,KLGA
16310,EDDV,EBLG
16311,KAJO,KFUL
16312,KPHX,KSLC
16313,TVSC,TBPB
16314,KSNA,KLAS
16315,KATL,KMCI
16316,KXLL,55PA
16317,3TE3,KADS
16318,KHPN,KISP
16319,EDDM,EBLG
16320,KAVP,KCLT
16321,EKCH,ESSA
16322,KDTW,KORD
16323,KCNO,KSNA
16324,KBNA,KDFW
16325,KDAL,KSAT
16326,LIME,EDDK
16327,KFHR,KBFI
16328,KSJC,KLAX
16329,KPAN,KGEU
16330,KATL,KDTW
16331,KPAO,CA66
16332,RJBB,RJTT
16333,KLAS,KLAX
16334,KSFO,KSEA
16335,KSEA,KPDX
16336,KDCA,KBNA
16337,KBNA,KPDK
16338,KTOA,KSNA
16339,KCLT,KMIA
16340,YWLM,YMML
16341,KPHL,AL16
16342,KSDL,KSJC
16343,KDAL,KHOU
16344,KPDX,KBOI
16345,KJYO,01VA
16346,KTPA,KATL
16347,KATL,KMIA
16348,64OR,KTMK
16349,KSDF,KEWR
16350,KPUB,KDEN
16351,KMSP,KDTW
16352,YPMQ,YSSY
16353,KORL,KBNA
16354,KBOI,KSEA
16355,KBMI,KDFW
16356,KCLT,KPHD
16357,KPHX,KSMF
16358,KSBP,KPRB
16359,KPHX,KPSP
16360,NZKF,NZAA
16361,KTEB,KISP
16362,KHOU,KDAL
16363,KAUS,TE95
16364,KSNA,KMYF
16365,KSJC,KSLC
16366,KBFI,KPWT
16367,KTDF,KRDU
16368,RJTT,RJOA
16369,3OH7,KI69
16370,KDEN,KTEX
16371,EFHK,EETN
16372,KSMF,KSLC
16373,8CA5,KMYF
16374,KBOS,KTEB
16375,KHQZ,KADS
16376,KOPF,KFLL
16377,KFLL,KHWO
16378,KFMY,KFXE
16379,KBOS,KDTW
16380,KPHX,KRIR
16381,KBDR,KHWV
16382,KSMF,KRIR
16383,KMSP,KATW
16384,YMMB,YTDN
16385,NZAR,NZAA
16386,KCLT,KECP
16387,KSBP,KFAT
16388,KMSP,KMCI
16389,LSZM,EBLG
16390,KCLT,KFLL
16391,KPHX,KOAK
16392,SBSP,SSJC
16393,SBRJ,SBVT
16394,SC86,SC32
16395,KVNY,KSNA
16396,KPWT,KPAE
16397,CYYC,CYVR
16398,KPHX,KSNA
16399,KSDF,KATL
16400,KDAB,KATL
16401,NZCH,NZNV
16402,KBUR,KOAK
16403,KLCK,KJFK
16404,EGSS,EIDW
16405,KSDF,KSYR
16406,KLAX,KSLC
16407,KDTW,KATL
16408,YSSY,YMML
16409,KPHX,KLGB
16410,KSDF,KISM
16411,LIMC,EBLG
16412,KBOS,KPYM
16413,KAWO,96WA
16414,KCLT,KMCO
16415,NZCH,NZHN
16416,KBOS,CYYZ
16417,KPWT,KBFI
16418,KCNO,KSNA
16419,KLAX,KSMF
16420,KORD,KBNA
16421,KPNE,KPHL
16422,KBOS,KSLK
16423,KSTL,KATL
16424,RJOO,RJTT
16425,KDEN,KDAL
16426,SBSP,SBVT
16427,K12J,KNSE
16428,KWHP,KSBA
16429,KLVK,KHWD
16430,KSRQ,KPHK
16431,KLAL,KX49
16432,EHAM,EDDP
16433,04CL,KSEE
16434,YMMB,YTDN
16435,KRHV,KC83
16436,EDDK,EDDP
16437,KORF,KIAD
16438,RJOO,RJTT
16439,KDTW,KLGA
16440,KSNA,KSBP
16441,KEWR,KBKL
16442,EIDW,EBLG
16443,KPHX,KFAT
16444,RJTT,RJOM
16445,KCLT,KEWR
16446,KINJ,KGKY
16447,EGAA,EGSS
16448,KSTS,KOAK
16449,KDEN,KSTL
16450,KIND,KATL
16451,KSBA,KSNA
16452,KBFI,KBOI
16453,YSBK,YSCH
16454,CYCD,CYVR
16455,KBED,KLWM
16456,KCMH,KATL
16457,KPHX,KSAN
16458,YSTW,YSSY
16459,KCRQ,KLGB
16460,KSMF,KPHX
16461,WA04,KRNT
16462,KECP,KHOU
16463,CYVR,KPDX
16464,KC83,KOAK
16465,RJTT,RJBB
16466,SBRJ,SBSP
16467,KOAK,CN19
16468,KPIT,5PA3
16469,KSNA,KLAS
16470,KSEA,KBOI
16471,EGSS,LFPG
16472,CYVR,KSEA
16473,KAHN,KRYY
16474,KMHR,KRIR
16475,KHPN,KABE
16476,KSNA,KTOA
16477,KDAL,KHOU
16478,KPAO,KHAF
16479,SBVT,SBGR
16480,ID63,KBOI
16481,SBRJ,SBSP
16482,CYYC,CYVR
16483,KSLC,KPSP
16484,KABE,KCLT
16485,KLUK,KIAD
16486,SBSP,SBGL
16487,YPMQ,YSSY
16488,NZCH,NZAA
16489,K39N,KBLM
16490,K61B,K1G4
16491,KCMH,KBWI
16492,KIAD,CYYZ
16493,KA39,KCHD
16494,KMMV,KHIO
16495,KLAS,KLAX
16496,KC83,KSQL
16497,KSDF,KPHL
16498,KDAL,KHOU
16499,KGRR,KBWI
16500,KCOS,KPHX
16501,KROC,KBOS
16502,CYYC,CYVR
16503,KTOL,KCLT
16504,KGRR,KMSP
16505,KDTW,KBWI
16506,LFML,EBLG
16507,LFBO,LFPG
16508,KSEA,KGEG
16509,KAUS,KADS
16510,KPHL,KDTW
16511,YSSY,YBMC
16512,KLOU,3IN6
16513,KSLC,KSFO
16514,KPAO,KLVK
16515,KSAN,KSFO
16516,KDCA,KBOS
16517,KLHM,KSTS
16518,KSGF,KSUS
16519,KLAX,KLAS
16520,KMSP,KBKL
16521,KALB,KBWI
16522,KPAO,KHAF
16523,SBBR,SBRJ
16524,CZBB,CYPK
16525,KSAT,KHYI
16526,KSNA,KTOA
16527,KTPA,KRDU
16528,YSSY,YCBG
16529,YMMB,YWON
16530,KRIR,KSBD
16531,KLAX,KOAK
16532,KCMA,KSBA
16533,KDEN,KSLC
16534,KEWR,CYYZ
16535,KLGA,KDTW
16536,RJTT,RJOO
16537,KCRQ,KSEE
16538,KCMA,KL70
16539,KFAT,KSFO
16540,KSTS,KCCR
16541,KIAD,KCLT
16542,KSEA,KBLI
16543,KDCA,KJFK
16544,KSLC,KSJC
16545,EGNX,EDDK
16546,RJTT,RJOM
16547,49OH,KDTW
16548,KSLC,KLAS
16549,KGRR,KDTW
16550,9CL2,KRHV
16551,KDEN,KSLC
16552,KOAK,KSNA
16553,KPHX,KABQ
16554,KCLT,KDTW
16555,KSNA,KSFO
16556,KNUQ,KVNY
16557,YMMB,YTDN
16558,KBED,KTEB
16559,KCRQ,KLGB
16560,KHYA,KBOS
16561,LFPG,EDDP
16562,KLAX,KPHX
16563,KDTW,KPHL
16564,KCRQ,KRNM
16565,WS78,KMSP
16566,CYVR,CYYJ
16567,UUWW,ULLI
16568,KPAE,KAWO
16569,LIPE,EBLG
16570,KCRQ,KRNM
16571,KSLC,KOAK
16572,17CO,KBJC
16573,KDTW,CYYZ
16574,KHHR,KLGB
16575,KPVU,KIWA
16576,LIMC,EDDP
16577,KATL,KPIM
16578,KTCY,KSQL
16579,KIAD,KLGA
16580,KTYS,KPHL
16581,YMMB,YTDN
16582,NZCH,NZAA
16583,KMSP,KMKE
16584,KD98,KPTK
16585,KDCA,KCLT
16586,KSDL,KVNY
16587,EGPH,EGSS
16588,KBOS,KLEB
16589,EKCH,EDDP
16590,KPAO,KSQL
16591,RJTT,RJOO
16592,KSTL,KBNA
16593,KPTK,KDET
16594,KHSV,KATL
16595,KCRP,KDFW
16596,LFPG,EDDK
16597,KCMH,KSDF
16598,KGVL,4GA9
16599,KLGB,KSNA
16600,NZWN,NZCH
16601,NZAR,NZNE
16602,49OH,KCLT
16603,KHOU,KDAL
16604,KSMF,KLAX
16605,KFFZ,88AZ
16606,KSNA,KPHX
16607,KDAY,KDCA
16608,KLGB,KPHX
16609,KTCY,KRHV
16610,SBCO,SBGR
16611,KTYS,KATL
16612,KPHX,KPSP
16613,KABQ,NM02
16614,KFFZ,KMZJ
16615,KLAS,KABQ
16616,KSLC,KSAN
16617,KATL,KHSV
16618,KSLC,KRIR
16619,KCLT,KLGA
16620,NZKF,NZAA
16621,TVSA,TBPB
16622,KCMH,KCLT
16623,KOSU,OI01
16624,KLAS,KPHX
16625,ESMS,EBLG
16626,KGEG,KSEA
16627,KDFW,KTUL
16628,KSTS,KSNA
16629,KSAT,XS40
16630,KSDF,KBWI
16631,KCRQ,KSEE
16632,KIAD,KBOS
16633,RJOO,RJTT
16634,KCLT,KBWI
16635,KSJC,KSNA
16636,KSNA,KMYF
16637,KPAO,KHWD
16638,KDFW,KM99
16639,PN38,KAXQ
16640,KSDF,KRDU
16641,ENGM,ENVA
16642,NZPM,NZCH
16643,KF70,KMYF
16644,KIAD,KSYR
16645,KADS,KFTW
16646,RJOA,RJTT
16647,YSSY,YBCG
16648,KROC,KPHL
16649,CYHM,OA16
16650,KBWI,KDUJ
16651,KSFO,KSNA
16652,KISP,KPHL
16653,WN51,KBVS
16654,NZAA,NZCH
16655,KDAY,KPHL
16656,EGSS,EDDK
16657,OBBI,OMDB
16658,EKCH,EDDK
16659,ESMS,EDDK
16660,KBNA,KATL
16661,CYUL,KPHL
16662,75XS,KSKF
16663,KFFZ,KA39
16664,KSAT,KDAL
16665,KOAK,K2O3
16666,KMSP,KOMA
16667,KLVK,KWVI
16668,KFAY,KATL
16669,KLAX,KFAT
16670,KPHX,KLAX
16671,KVNY,KLAS
16672,KGVQ,KBUF
16673,KVNY,KSBA
16674,KTUL,KDFW
16675,KIAD,KROC
16676,37AZ,KIWA
16677,3PS4,KPHL
16678,KORD,CYYZ
16679,WA22,KBFI
16680,YSWG,YSSY
16681,KCWA,KMSP
16682,SBRJ,SBGR
16683,KGSO,KATL
16684,EGNX,EDDK
16685,96WA,KPAE
16686,KFTY,KLZU
16687,KPHX,KLAS
16688,KBWI,KCLT
16689,KBOS,KBWI
16690,KHOU,KDFW
16691,KVNY,KSDL
16692,YSCB,YMML
16693,EGSS,EBLG
16694,KBUY,KIAD
16695,9NC9,KCLT
16696,KMYF,KSDM
16697,EDDK,EDDP
16698,LPPT,LPFR
16699,KIAH,KDAL
16700,KPAO,KE16
16701,KIAD,KLDJ
16702,CYYC,CYKA
16703,KAPA,K11V
16704,YPMQ,YSSY
16705,KLAS,KSNA
16706,KBDN,5OR5
16707,KPWT,KBFI
16708,KCRQ,KVNY
16709,KBUR,KLAS
16710,KLAX,KSFO
16711,KFAT,KSAC
16712,KDAL,KFTW
16713,KPAO,KC83
16714,KLVK,4CA2
16715,KMYF,KSNA
16716,WA49,KPDX
16717,GA53,K9A1
16718,KSTS,KCCR
16719,EDDK,LFPG
16720,KLAX,KSJC
16721,NZSL,NZWP
16722,KGRB,KMSP
16723,KLAS,KSNA
16724,KATL,KBNA
16725,KCRQ,KPSP
16726,KORF,KBWI
16727,KONT,KLAS
16728,KCLT,KATL
16729,YMMB,YMEN
16730,KPOC,KCNO
16731,YCBG,YMML
16732,KHAF,KPAO
16733,KPOC,KEMT
16734,KIAD,KABE
16735,KHOU,KSAT
16736,KLVK,KOAK
16737,0GE0,KFTY
16738,KSJC,KSNA
16739,KHIO,OR28
16740,KIND,KDTW
16741,KPOC,KEMT
16742,KSAN,KPHX
16743,3PA9,KTTN
16744,KIAD,KRDU
16745,CYYJ,CYVR
16746,KDCA,KLGA
16747,KMSP,KTOB
16748,EDDS,EDDV
16749,KLAS,KPHX
16750,EDDM,EDDV
16751,CYOW,CYYZ
16752,KDEN,KCOS
16753,KSQL,KSNS
16754,KSEE,58CL
16755,KCLT,KPLR
16756,KSNS,KFAT
16757,LFPG,EDDK
16758,KPDX,KSEA
16759,KIAD,KORF
16760,KHWD,CA35
16761,SBSP,SBRJ
16762,1WA9,KBFI
16763,PAMR,PANC
16764,KAWO,KPAE
16765,CA66,KPAO
16766,KABQ,K0E0
16767,3IN6,KLOU
16768,K3MY,KORD
16769,KTEX,KDEN
16770,KCLT,KORF
16771,EGGW,EBBR
16772,KTUL,KDAL
16773,88AZ,KFFZ
16774,KMYF,KF70
16775,KC83,KRHV
16776,KIWA,KAVQ
16777,KHND,K1L3
16778,3OK8,KRVS
16779,KPHF,KPHL
16780,KMKE,KDTW
16781,KCLT,NC03
16782,KOAK,KLVK
16783,NZCH,NZWN
16784,SBRJ,SBGR
16785,KATL,KDNN
16786,KHAF,KHWD
16787,KBUF,KDTW
16788,KVNY,KLAX
16789,KGRB,KDTW
16790,KOSU,9OI5
16791,KPSP,KCRQ
16792,8CA5,KMYF
16793,KBUR,KSBA
16794,KLVK,CN19
16795,KPOC,KTOA
16796,KAPN,KDTW
16797,YLIL,YMMB
16798,1GE7,KPDK
16799,SC32,KAND
16800,CYVR,CML2
16801,KCMH,KDTW
16802,WA04,KRNT
16803,KC83,KLVK
16804,SBGR,SBSP
16805,PAMR,PABG
16806,KBUR,KCMA
16807,5OI0,KLUK
16808,KIAH,KSAT
16809,KHAF,KPAO
16810,KCHD,KFFZ
16811,K61B,KU30
16812,KIAD,KPHL
16813,KDFW,TX45
16814,KE16,KRHV
16815,KRDU,KCLT
16816,NZAA,NZMZ
16817,KSQL,CA66
16818,CYHM,CYKF
16819,KLAS,KRIR
16820,KRNM,KMYF
16821,CYVR,CML2
16822,KCMA,KVNY
16823,KCMA,KVNY
16824,KPHL,KPNE
16825,KSDM,KMYF
16826,KUAO,K7S9
16827,KAVX,KLGB
16828,KPDK,KGVL
16829,KFAT,KVIS
16830,KFDK,KDMW
16831,KO41,KMCC
16832,KRHV,KE16
16833,KOAK,KC83
16834,KTOA,KAJO
16835,KFAT,KVIS
16836,KRNM,KCRQ
16837,CYVR,CYYJ
16838,KO41,KMCC
16839,TBPB,TVSM
16840,KDFW,KGOP
16841,CYVR,CYCD
16842,KOKV,KJYO
16843,KHAF,KPAO
16844,KIAD,90VA
16845,KLVK,KPAO
16846,CYCD,CYVR
16847,61VA,KJYO
16848,01VA,KJYO
